99 99 99 99 97 94 91 89 86 83 82 82 81 80 83 87 86 84 84 86 85 83 82 81 81 86 85 88 89 89 88 89 87 
99 98 97 93 92 89 86 82 79 81 81 78 79 79 80 83 82 82 83 83 83 80 80 79 79 81 82 82 84 85 87 84 85 
99 95 92 93 91 86 82 78 77 79 79 77 76 75 76 80 80 81 81 81 81 79 77 78 78 78 80 82 83 84 83 81 80 
95 94 92 89 88 84 80 76 74 76 77 75 76 73 73 74 74 75 78 79 78 77 76 77 79 79 79 79 78 78 78 77 78 
91 89 89 87 87 81 76 72 71 72 73 74 75 70 68 68 68 70 74 76 78 76 78 79 79 80 79 77 76 77 76 76 75 
85 83 81 80 78 76 71 69 69 70 71 72 70 68 66 66 67 69 71 75 77 78 80 77 77 78 79 77 76 74 72 71 70 
80 78 75 75 72 68 66 65 65 67 68 70 68 65 64 64 66 68 70 74 77 78 77 77 76 75 76 78 77 73 70 67 66 
76 72 71 69 66 65 64 62 62 64 64 67 66 63 61 60 62 65 68 73 74 76 77 76 76 76 77 78 74 68 66 63 64 
70 69 66 63 63 62 61 58 60 60 62 62 62 60 59 57 57 61 66 69 72 74 77 79 77 76 76 75 69 67 65 62 61 
69 67 63 60 59 57 54 53 53 54 56 56 58 56 53 53 54 57 62 63 67 69 71 72 72 72 71 70 65 61 60 58 56 
68 64 60 58 55 53 50 49 49 51 52 53 54 54 51 50 50 53 56 61 63 64 66 66 68 67 66 64 59 58 53 52 52 
65 61 57 55 52 50 48 48 48 48 49 51 52 49 48 46 50 50 51 53 55 58 60 62 61 58 58 53 52 49 49 48 49 
64 58 52 52 50 47 46 45 47 46 48 47 48 49 47 47 46 46 47 50 49 52 57 58 56 52 49 48 47 46 46 46 47 
60 55 52 50 47 46 47 45 45 44 45 45 46 47 47 48 49 48 47 48 50 53 54 53 52 50 49 47 45 44 46 46 48 
57 54 52 48 49 47 48 45 45 46 46 45 45 48 48 49 49 48 47 48 49 51 51 49 47 47 45 44 46 45 45 47 47 
55 52 50 49 49 46 47 47 45 45 45 47 49 48 52 51 48 49 48 47 47 47 48 44 44 44 44 47 45 45 44 44 45 
53 51 49 48 45 47 45 45 45 45 46 48 50 53 53 52 52 49 47 47 47 46 44 44 43 43 44 46 47 47 45 45 45 
47 45 44 45 45 42 40 40 41 42 44 46 48 50 50 51 50 49 48 47 44 44 42 42 40 43 45 46 46 44 44 45 45 
44 43 42 42 39 39 38 37 39 41 45 45 46 47 50 50 49 46 45 46 45 44 42 41 41 44 47 47 47 45 45 46 47 
46 43 41 38 36 34 35 34 37 41 43 45 45 44 46 47 46 43 42 42 42 41 40 40 42 42 45 47 49 50 48 47 47 
47 42 39 35 34 32 34 35 37 40 42 42 44 43 44 44 43 41 40 41 41 40 39 40 40 41 47 51 53 50 49 48 48 
46 39 35 31 32 32 34 34 35 37 38 38 38 38 37 38 37 38 36 37 39 38 40 38 40 43 48 50 51 51 49 48 51 
41 36 31 29 30 31 31 32 32 33 33 34 31 31 33 32 33 34 35 37 38 38 39 40 42 44 46 47 51 51 52 54 57 
40 33 32 30 29 28 29 30 29 31 29 28 26 25 28 28 29 31 34 38 41 40 42 45 46 47 47 48 49 51 55 57 61 
35 32 31 29 29 28 28 29 29 27 24 22 22 22 25 26 27 29 32 37 38 40 42 46 48 48 48 49 50 53 55 58 60 
31 28 28 29 28 27 27 27 25 23 22 22 21 20 22 21 21 24 29 30 32 35 40 42 44 48 49 50 52 52 55 56 57 
28 27 27 26 26 27 25 24 22 21 20 20 19 17 17 18 19 22 24 25 27 32 37 40 45 47 49 51 52 55 56 57 57 
25 22 24 24 23 23 22 23 21 20 19 19 18 15 16 16 19 19 19 22 27 32 36 39 42 46 47 49 53 55 56 57 58 
19 19 19 20 20 18 20 21 20 18 18 16 14 14 16 15 15 17 17 19 23 29 31 34 40 44 45 49 54 54 57 57 59 
13 10 13 14 14 13 13 14 14 13 13 13 12 12 12 12 12 12 13 16 20 23 26 31 36 39 42 47 49 50 52 57 59 
 6  6  8  9 10 10 10  9 10 11 11 10  9 10 10  8  8  7 10 14 16 20 25 28 32 36 40 44 45 49 52 56 60 
 0  0  2  5  5  7  8  8  9  7  6  4  5  4  3  4  4  7  9 13 16 18 21 26 29 34 37 42 45 48 52 57 60 
 0  0  0  2  5  5  7  7  8  5  3  4  3  1  0  0  1  6 11 13 14 15 20 24 27 31 35 40 42 45 52 59 63 
Vertex : 0 |  (33, 1) (1, 1)
Vertex : 1 |  (34, 1) (2, 1) (0, 1)
Vertex : 2 |  (35, 1) (3, 1) (1, 1)
Vertex : 3 |  (36, 1) (4, 1) (2, 1)
Vertex : 4 |  (37, 1) (5, 1) (3, 5)
Vertex : 5 |  (38, 1) (6, 1) (4, 10)
Vertex : 6 |  (39, 1) (7, 1) (5, 10)
Vertex : 7 |  (40, 1) (8, 1) (6, 5)
Vertex : 8 |  (41, 1) (9, 1) (7, 10)
Vertex : 9 |  (42, 1) (10, 1) (8, 10)
Vertex : 10 |  (43, 1) (11, 1) (9, 2)
Vertex : 11 |  (44, 1) (12, 1) (10, 1)
Vertex : 12 |  (45, 1) (13, 1) (11, 2)
Vertex : 13 |  (46, 1) (14, 10) (12, 2)
Vertex : 14 |  (47, 1) (15, 17) (13, 1)
Vertex : 15 |  (48, 1) (16, 1) (14, 1)
Vertex : 16 |  (49, 1) (17, 1) (15, 2)
Vertex : 17 |  (50, 1) (18, 1) (16, 5)
Vertex : 18 |  (51, 1) (19, 5) (17, 1)
Vertex : 19 |  (52, 1) (20, 1) (18, 1)
Vertex : 20 |  (53, 1) (21, 1) (19, 2)
Vertex : 21 |  (54, 1) (22, 1) (20, 5)
Vertex : 22 |  (55, 1) (23, 1) (21, 2)
Vertex : 23 |  (56, 1) (24, 1) (22, 2)
Vertex : 24 |  (57, 1) (25, 26) (23, 1)
Vertex : 25 |  (58, 1) (26, 1) (24, 1)
Vertex : 26 |  (59, 1) (27, 10) (25, 2)
Vertex : 27 |  (60, 1) (28, 2) (26, 1)
Vertex : 28 |  (61, 1) (29, 1) (27, 1)
Vertex : 29 |  (62, 1) (30, 1) (28, 1)
Vertex : 30 |  (63, 1) (31, 2) (29, 2)
Vertex : 31 |  (64, 1) (32, 1) (30, 1)
Vertex : 32 |  (65, 1) (31, 5)
Vertex : 33 |  (0, 1) (66, 1) (34, 1)
Vertex : 34 |  (1, 2) (67, 1) (35, 1) (33, 2)
Vertex : 35 |  (2, 5) (68, 1) (36, 1) (34, 2)
Vertex : 36 |  (3, 37) (69, 1) (37, 1) (35, 17)
Vertex : 37 |  (4, 26) (70, 1) (38, 1) (36, 2)
Vertex : 38 |  (5, 26) (71, 1) (39, 1) (37, 10)
Vertex : 39 |  (6, 26) (72, 1) (40, 1) (38, 10)
Vertex : 40 |  (7, 50) (73, 1) (41, 1) (39, 17)
Vertex : 41 |  (8, 50) (74, 1) (42, 5) (40, 10)
Vertex : 42 |  (9, 5) (75, 1) (43, 1) (41, 1)
Vertex : 43 |  (10, 2) (76, 1) (44, 1) (42, 1)
Vertex : 44 |  (11, 17) (77, 1) (45, 2) (43, 10)
Vertex : 45 |  (12, 5) (78, 1) (46, 1) (44, 1)
Vertex : 46 |  (13, 2) (79, 1) (47, 2) (45, 1)
Vertex : 47 |  (14, 10) (80, 1) (48, 10) (46, 1)
Vertex : 48 |  (15, 17) (81, 1) (49, 1) (47, 1)
Vertex : 49 |  (16, 17) (82, 1) (50, 1) (48, 2)
Vertex : 50 |  (17, 5) (83, 1) (51, 2) (49, 1)
Vertex : 51 |  (18, 2) (84, 1) (52, 1) (50, 1)
Vertex : 52 |  (19, 10) (85, 1) (53, 1) (51, 1)
Vertex : 53 |  (20, 5) (86, 1) (54, 1) (52, 1)
Vertex : 54 |  (21, 10) (87, 1) (55, 1) (53, 10)
Vertex : 55 |  (22, 5) (88, 1) (56, 1) (54, 1)
Vertex : 56 |  (23, 5) (89, 1) (57, 1) (55, 2)
Vertex : 57 |  (24, 5) (90, 1) (58, 5) (56, 1)
Vertex : 58 |  (25, 26) (91, 1) (59, 2) (57, 1)
Vertex : 59 |  (26, 10) (92, 1) (60, 1) (58, 1)
Vertex : 60 |  (27, 37) (93, 1) (61, 5) (59, 1)
Vertex : 61 |  (28, 26) (94, 1) (62, 2) (60, 1)
Vertex : 62 |  (29, 17) (95, 1) (63, 5) (61, 1)
Vertex : 63 |  (30, 2) (96, 1) (64, 1) (62, 1)
Vertex : 64 |  (31, 26) (97, 1) (65, 2) (63, 10)
Vertex : 65 |  (32, 5) (98, 1) (64, 1)
Vertex : 66 |  (33, 1) (99, 1) (67, 1)
Vertex : 67 |  (34, 10) (100, 1) (68, 1) (66, 17)
Vertex : 68 |  (35, 26) (101, 1) (69, 2) (67, 10)
Vertex : 69 |  (36, 1) (102, 1) (70, 1) (68, 1)
Vertex : 70 |  (37, 2) (103, 1) (71, 1) (69, 5)
Vertex : 71 |  (38, 10) (104, 1) (72, 1) (70, 26)
Vertex : 72 |  (39, 17) (105, 1) (73, 1) (71, 17)
Vertex : 73 |  (40, 17) (106, 1) (74, 1) (72, 17)
Vertex : 74 |  (41, 5) (107, 1) (75, 5) (73, 2)
Vertex : 75 |  (42, 5) (108, 1) (76, 1) (74, 1)
Vertex : 76 |  (43, 5) (109, 1) (77, 1) (75, 1)
Vertex : 77 |  (44, 2) (110, 1) (78, 1) (76, 5)
Vertex : 78 |  (45, 10) (111, 1) (79, 1) (77, 2)
Vertex : 79 |  (46, 17) (112, 1) (80, 2) (78, 2)
Vertex : 80 |  (47, 17) (113, 1) (81, 17) (79, 1)
Vertex : 81 |  (48, 10) (114, 1) (82, 1) (80, 1)
Vertex : 82 |  (49, 5) (115, 1) (83, 2) (81, 1)
Vertex : 83 |  (50, 2) (116, 1) (84, 1) (82, 1)
Vertex : 84 |  (51, 5) (117, 1) (85, 1) (83, 1)
Vertex : 85 |  (52, 5) (118, 1) (86, 1) (84, 1)
Vertex : 86 |  (53, 5) (119, 1) (87, 1) (85, 1)
Vertex : 87 |  (54, 2) (120, 1) (88, 1) (86, 5)
Vertex : 88 |  (55, 10) (121, 1) (89, 2) (87, 5)
Vertex : 89 |  (56, 2) (122, 1) (90, 1) (88, 1)
Vertex : 90 |  (57, 2) (123, 2) (91, 1) (89, 1)
Vertex : 91 |  (58, 10) (124, 2) (92, 5) (90, 1)
Vertex : 92 |  (59, 5) (125, 1) (93, 5) (91, 1)
Vertex : 93 |  (60, 1) (126, 1) (94, 2) (92, 1)
Vertex : 94 |  (61, 2) (127, 1) (95, 2) (93, 1)
Vertex : 95 |  (62, 2) (128, 1) (96, 1) (94, 1)
Vertex : 96 |  (63, 17) (129, 1) (97, 1) (95, 2)
Vertex : 97 |  (64, 10) (130, 1) (98, 1) (96, 5)
Vertex : 98 |  (65, 26) (131, 1) (97, 2)
Vertex : 99 |  (66, 17) (132, 1) (100, 1)
Vertex : 100 |  (67, 2) (133, 1) (101, 1) (99, 2)
Vertex : 101 |  (68, 1) (134, 1) (102, 1) (100, 5)
Vertex : 102 |  (69, 17) (135, 1) (103, 1) (101, 10)
Vertex : 103 |  (70, 10) (136, 1) (104, 1) (102, 2)
Vertex : 104 |  (71, 5) (137, 1) (105, 1) (103, 17)
Vertex : 105 |  (72, 5) (138, 1) (106, 1) (104, 17)
Vertex : 106 |  (73, 5) (139, 1) (107, 1) (105, 17)
Vertex : 107 |  (74, 10) (140, 1) (108, 5) (106, 5)
Vertex : 108 |  (75, 10) (141, 1) (109, 2) (107, 1)
Vertex : 109 |  (76, 5) (142, 1) (110, 1) (108, 1)
Vertex : 110 |  (77, 5) (143, 1) (111, 2) (109, 5)
Vertex : 111 |  (78, 1) (144, 1) (112, 1) (110, 1)
Vertex : 112 |  (79, 5) (145, 1) (113, 1) (111, 10)
Vertex : 113 |  (80, 10) (146, 1) (114, 2) (112, 1)
Vertex : 114 |  (81, 37) (147, 1) (115, 1) (113, 1)
Vertex : 115 |  (82, 37) (148, 1) (116, 2) (114, 1)
Vertex : 116 |  (83, 37) (149, 1) (117, 10) (115, 1)
Vertex : 117 |  (84, 10) (150, 1) (118, 2) (116, 1)
Vertex : 118 |  (85, 5) (151, 1) (119, 1) (117, 1)
Vertex : 119 |  (86, 10) (152, 1) (120, 1) (118, 2)
Vertex : 120 |  (87, 5) (153, 1) (121, 1) (119, 2)
Vertex : 121 |  (88, 2) (154, 5) (122, 2) (120, 2)
Vertex : 122 |  (89, 2) (155, 5) (123, 5) (121, 1)
Vertex : 123 |  (90, 1) (156, 1) (124, 1) (122, 1)
Vertex : 124 |  (91, 1) (157, 2) (125, 1) (123, 1)
Vertex : 125 |  (92, 2) (158, 1) (126, 1) (124, 1)
Vertex : 126 |  (93, 10) (159, 1) (127, 1) (125, 1)
Vertex : 127 |  (94, 26) (160, 1) (128, 1) (126, 2)
Vertex : 128 |  (95, 37) (161, 1) (129, 1) (127, 1)
Vertex : 129 |  (96, 26) (162, 1) (130, 1) (128, 1)
Vertex : 130 |  (97, 17) (163, 1) (131, 2) (129, 2)
Vertex : 131 |  (98, 5) (164, 1) (130, 1)
Vertex : 132 |  (99, 17) (165, 1) (133, 1)
Vertex : 133 |  (100, 26) (166, 1) (134, 1) (132, 5)
Vertex : 134 |  (101, 10) (167, 1) (135, 1) (133, 1)
Vertex : 135 |  (102, 5) (168, 1) (136, 1) (134, 5)
Vertex : 136 |  (103, 2) (169, 1) (137, 1) (135, 1)
Vertex : 137 |  (104, 10) (170, 1) (138, 1) (136, 37)
Vertex : 138 |  (105, 17) (171, 1) (139, 1) (137, 26)
Vertex : 139 |  (106, 17) (172, 1) (140, 1) (138, 17)
Vertex : 140 |  (107, 10) (173, 1) (141, 2) (139, 2)
Vertex : 141 |  (108, 17) (174, 1) (142, 2) (140, 1)
Vertex : 142 |  (109, 17) (175, 1) (143, 2) (141, 1)
Vertex : 143 |  (110, 2) (176, 1) (144, 2) (142, 1)
Vertex : 144 |  (111, 2) (177, 1) (145, 1) (143, 1)
Vertex : 145 |  (112, 10) (178, 1) (146, 1) (144, 26)
Vertex : 146 |  (113, 26) (179, 1) (147, 1) (145, 5)
Vertex : 147 |  (114, 37) (180, 1) (148, 1) (146, 1)
Vertex : 148 |  (115, 37) (181, 1) (149, 5) (147, 1)
Vertex : 149 |  (116, 26) (182, 1) (150, 17) (148, 1)
Vertex : 150 |  (117, 17) (183, 1) (151, 5) (149, 1)
Vertex : 151 |  (118, 10) (184, 1) (152, 5) (150, 1)
Vertex : 152 |  (119, 1) (185, 1) (153, 1) (151, 1)
Vertex : 153 |  (120, 2) (186, 5) (154, 5) (152, 5)
Vertex : 154 |  (121, 1) (187, 5) (155, 2) (153, 1)
Vertex : 155 |  (122, 1) (188, 1) (156, 1) (154, 1)
Vertex : 156 |  (123, 1) (189, 1) (157, 2) (155, 1)
Vertex : 157 |  (124, 1) (190, 1) (158, 1) (156, 1)
Vertex : 158 |  (125, 1) (191, 1) (159, 1) (157, 2)
Vertex : 159 |  (126, 5) (192, 1) (160, 1) (158, 5)
Vertex : 160 |  (127, 5) (193, 1) (161, 2) (159, 2)
Vertex : 161 |  (128, 2) (194, 1) (162, 1) (160, 1)
Vertex : 162 |  (129, 5) (195, 1) (163, 1) (161, 2)
Vertex : 163 |  (130, 2) (196, 1) (164, 1) (162, 1)
Vertex : 164 |  (131, 10) (197, 1) (163, 2)
Vertex : 165 |  (132, 37) (198, 1) (166, 1)
Vertex : 166 |  (133, 37) (199, 1) (167, 1) (165, 5)
Vertex : 167 |  (134, 65) (200, 1) (168, 1) (166, 5)
Vertex : 168 |  (135, 50) (201, 1) (169, 1) (167, 2)
Vertex : 169 |  (136, 82) (202, 1) (170, 1) (168, 5)
Vertex : 170 |  (137, 26) (203, 1) (171, 1) (169, 5)
Vertex : 171 |  (138, 26) (204, 1) (172, 1) (170, 26)
Vertex : 172 |  (139, 10) (205, 1) (173, 1) (171, 5)
Vertex : 173 |  (140, 5) (206, 1) (174, 2) (172, 1)
Vertex : 174 |  (141, 5) (207, 1) (175, 2) (173, 1)
Vertex : 175 |  (142, 5) (208, 1) (176, 2) (174, 1)
Vertex : 176 |  (143, 5) (209, 1) (177, 1) (175, 1)
Vertex : 177 |  (144, 26) (210, 1) (178, 1) (176, 5)
Vertex : 178 |  (145, 5) (211, 1) (179, 1) (177, 5)
Vertex : 179 |  (146, 5) (212, 1) (180, 1) (178, 5)
Vertex : 180 |  (147, 5) (213, 1) (181, 2) (179, 1)
Vertex : 181 |  (148, 2) (214, 1) (182, 5) (180, 1)
Vertex : 182 |  (149, 2) (215, 1) (183, 5) (181, 1)
Vertex : 183 |  (150, 10) (216, 1) (184, 17) (182, 1)
Vertex : 184 |  (151, 2) (217, 1) (185, 5) (183, 1)
Vertex : 185 |  (152, 2) (218, 1) (186, 2) (184, 1)
Vertex : 186 |  (153, 1) (219, 1) (187, 5) (185, 1)
Vertex : 187 |  (154, 1) (220, 1) (188, 1) (186, 1)
Vertex : 188 |  (155, 5) (221, 1) (189, 1) (187, 10)
Vertex : 189 |  (156, 5) (222, 1) (190, 2) (188, 1)
Vertex : 190 |  (157, 5) (223, 1) (191, 2) (189, 1)
Vertex : 191 |  (158, 1) (224, 1) (192, 1) (190, 1)
Vertex : 192 |  (159, 1) (225, 2) (193, 1) (191, 5)
Vertex : 193 |  (160, 1) (226, 2) (194, 1) (192, 2)
Vertex : 194 |  (161, 10) (227, 1) (195, 1) (193, 5)
Vertex : 195 |  (162, 17) (228, 1) (196, 1) (194, 5)
Vertex : 196 |  (163, 26) (229, 1) (197, 1) (195, 2)
Vertex : 197 |  (164, 26) (230, 1) (196, 2)
Vertex : 198 |  (165, 26) (231, 1) (199, 1)
Vertex : 199 |  (166, 26) (232, 1) (200, 1) (198, 5)
Vertex : 200 |  (167, 37) (233, 1) (201, 1) (199, 10)
Vertex : 201 |  (168, 26) (234, 1) (202, 1) (200, 1)
Vertex : 202 |  (169, 37) (235, 1) (203, 1) (201, 10)
Vertex : 203 |  (170, 65) (236, 1) (204, 1) (202, 17)
Vertex : 204 |  (171, 26) (237, 1) (205, 1) (203, 5)
Vertex : 205 |  (172, 17) (238, 1) (206, 1) (204, 2)
Vertex : 206 |  (173, 17) (239, 1) (207, 5) (205, 1)
Vertex : 207 |  (174, 10) (240, 1) (208, 2) (206, 1)
Vertex : 208 |  (175, 10) (241, 1) (209, 5) (207, 1)
Vertex : 209 |  (176, 5) (242, 1) (210, 1) (208, 1)
Vertex : 210 |  (177, 5) (243, 1) (211, 1) (209, 5)
Vertex : 211 |  (178, 10) (244, 1) (212, 1) (210, 10)
Vertex : 212 |  (179, 5) (245, 1) (213, 1) (211, 2)
Vertex : 213 |  (180, 5) (246, 1) (214, 5) (212, 1)
Vertex : 214 |  (181, 2) (247, 1) (215, 5) (213, 1)
Vertex : 215 |  (182, 2) (248, 1) (216, 5) (214, 1)
Vertex : 216 |  (183, 2) (249, 1) (217, 17) (215, 1)
Vertex : 217 |  (184, 2) (250, 1) (218, 10) (216, 1)
Vertex : 218 |  (185, 1) (251, 1) (219, 2) (217, 1)
Vertex : 219 |  (186, 1) (252, 1) (220, 1) (218, 1)
Vertex : 220 |  (187, 10) (253, 1) (221, 1) (219, 2)
Vertex : 221 |  (188, 1) (254, 1) (222, 1) (220, 1)
Vertex : 222 |  (189, 2) (255, 1) (223, 1) (221, 2)
Vertex : 223 |  (190, 10) (256, 2) (224, 2) (222, 2)
Vertex : 224 |  (191, 10) (257, 2) (225, 5) (223, 1)
Vertex : 225 |  (192, 1) (258, 1) (226, 1) (224, 1)
Vertex : 226 |  (193, 1) (259, 1) (227, 1) (225, 2)
Vertex : 227 |  (194, 2) (260, 1) (228, 1) (226, 17)
Vertex : 228 |  (195, 5) (261, 1) (229, 1) (227, 10)
Vertex : 229 |  (196, 17) (262, 1) (230, 1) (228, 10)
Vertex : 230 |  (197, 17) (263, 1) (229, 2)
Vertex : 231 |  (198, 17) (264, 1) (232, 1)
Vertex : 232 |  (199, 37) (265, 1) (233, 1) (231, 17)
Vertex : 233 |  (200, 17) (266, 1) (234, 1) (232, 2)
Vertex : 234 |  (201, 37) (267, 1) (235, 1) (233, 5)
Vertex : 235 |  (202, 37) (268, 1) (236, 1) (234, 10)
Vertex : 236 |  (203, 10) (269, 1) (237, 1) (235, 2)
Vertex : 237 |  (204, 5) (270, 1) (238, 1) (236, 2)
Vertex : 238 |  (205, 10) (271, 1) (239, 1) (237, 5)
Vertex : 239 |  (206, 10) (272, 1) (240, 5) (238, 1)
Vertex : 240 |  (207, 10) (273, 1) (241, 1) (239, 1)
Vertex : 241 |  (208, 17) (274, 1) (242, 10) (240, 1)
Vertex : 242 |  (209, 10) (275, 1) (243, 1) (241, 1)
Vertex : 243 |  (210, 5) (276, 1) (244, 1) (242, 2)
Vertex : 244 |  (211, 5) (277, 1) (245, 1) (243, 10)
Vertex : 245 |  (212, 10) (278, 1) (246, 1) (244, 5)
Vertex : 246 |  (213, 17) (279, 1) (247, 5) (245, 2)
Vertex : 247 |  (214, 17) (280, 1) (248, 10) (246, 1)
Vertex : 248 |  (215, 10) (281, 1) (249, 10) (247, 1)
Vertex : 249 |  (216, 5) (282, 1) (250, 26) (248, 1)
Vertex : 250 |  (217, 2) (283, 1) (251, 2) (249, 1)
Vertex : 251 |  (218, 10) (284, 1) (252, 5) (250, 1)
Vertex : 252 |  (219, 5) (285, 1) (253, 2) (251, 1)
Vertex : 253 |  (220, 1) (286, 1) (254, 1) (252, 1)
Vertex : 254 |  (221, 2) (287, 10) (255, 1) (253, 2)
Vertex : 255 |  (222, 1) (288, 2) (256, 1) (254, 1)
Vertex : 256 |  (223, 1) (289, 1) (257, 2) (255, 1)
Vertex : 257 |  (224, 1) (290, 1) (258, 2) (256, 1)
Vertex : 258 |  (225, 1) (291, 1) (259, 1) (257, 1)
Vertex : 259 |  (226, 10) (292, 1) (260, 1) (258, 17)
Vertex : 260 |  (227, 26) (293, 1) (261, 1) (259, 37)
Vertex : 261 |  (228, 17) (294, 1) (262, 1) (260, 5)
Vertex : 262 |  (229, 17) (295, 1) (263, 2) (261, 10)
Vertex : 263 |  (230, 5) (296, 1) (262, 1)
Vertex : 264 |  (231, 37) (297, 1) (265, 1)
Vertex : 265 |  (232, 10) (298, 1) (266, 1) (264, 2)
Vertex : 266 |  (233, 26) (299, 1) (267, 1) (265, 10)
Vertex : 267 |  (234, 37) (300, 1) (268, 1) (266, 10)
Vertex : 268 |  (235, 10) (301, 1) (269, 1) (267, 1)
Vertex : 269 |  (236, 10) (302, 1) (270, 1) (268, 2)
Vertex : 270 |  (237, 10) (303, 1) (271, 1) (269, 2)
Vertex : 271 |  (238, 17) (304, 1) (272, 5) (270, 10)
Vertex : 272 |  (239, 5) (305, 1) (273, 1) (271, 1)
Vertex : 273 |  (240, 17) (306, 1) (274, 5) (272, 1)
Vertex : 274 |  (241, 5) (307, 1) (275, 1) (273, 1)
Vertex : 275 |  (242, 26) (308, 1) (276, 1) (274, 1)
Vertex : 276 |  (243, 17) (309, 1) (277, 1) (275, 1)
Vertex : 277 |  (244, 10) (310, 1) (278, 1) (276, 5)
Vertex : 278 |  (245, 5) (311, 1) (279, 1) (277, 2)
Vertex : 279 |  (246, 10) (312, 1) (280, 1) (278, 5)
Vertex : 280 |  (247, 26) (313, 1) (281, 17) (279, 1)
Vertex : 281 |  (248, 17) (314, 1) (282, 26) (280, 1)
Vertex : 282 |  (249, 5) (315, 1) (283, 10) (281, 1)
Vertex : 283 |  (250, 17) (316, 1) (284, 10) (282, 1)
Vertex : 284 |  (251, 5) (317, 1) (285, 5) (283, 1)
Vertex : 285 |  (252, 5) (318, 1) (286, 10) (284, 1)
Vertex : 286 |  (253, 1) (319, 1) (287, 5) (285, 1)
Vertex : 287 |  (254, 1) (320, 1) (288, 1) (286, 1)
Vertex : 288 |  (255, 1) (321, 1) (289, 1) (287, 5)
Vertex : 289 |  (256, 1) (322, 1) (290, 1) (288, 2)
Vertex : 290 |  (257, 2) (323, 1) (291, 1) (289, 1)
Vertex : 291 |  (258, 10) (324, 1) (292, 1) (290, 2)
Vertex : 292 |  (259, 26) (325, 1) (293, 1) (291, 37)
Vertex : 293 |  (260, 2) (326, 1) (294, 1) (292, 5)
Vertex : 294 |  (261, 2) (327, 1) (295, 1) (293, 5)
Vertex : 295 |  (262, 2) (328, 1) (296, 1) (294, 10)
Vertex : 296 |  (263, 10) (329, 1) (295, 2)
Vertex : 297 |  (264, 2) (330, 1) (298, 1)
Vertex : 298 |  (265, 5) (331, 1) (299, 1) (297, 5)
Vertex : 299 |  (266, 10) (332, 1) (300, 1) (298, 17)
Vertex : 300 |  (267, 10) (333, 1) (301, 1) (299, 10)
Vertex : 301 |  (268, 17) (334, 1) (302, 1) (300, 2)
Vertex : 302 |  (269, 26) (335, 1) (303, 1) (301, 5)
Vertex : 303 |  (270, 50) (336, 1) (304, 1) (302, 10)
Vertex : 304 |  (271, 26) (337, 1) (305, 1) (303, 2)
Vertex : 305 |  (272, 50) (338, 1) (306, 2) (304, 1)
Vertex : 306 |  (273, 37) (339, 1) (307, 5) (305, 1)
Vertex : 307 |  (274, 37) (340, 1) (308, 1) (306, 1)
Vertex : 308 |  (275, 37) (341, 1) (309, 5) (307, 1)
Vertex : 309 |  (276, 17) (342, 1) (310, 1) (308, 1)
Vertex : 310 |  (277, 17) (343, 1) (311, 1) (309, 5)
Vertex : 311 |  (278, 37) (344, 1) (312, 1) (310, 10)
Vertex : 312 |  (279, 17) (345, 1) (313, 2) (311, 1)
Vertex : 313 |  (280, 10) (346, 1) (314, 10) (312, 1)
Vertex : 314 |  (281, 17) (347, 1) (315, 26) (313, 1)
Vertex : 315 |  (282, 17) (348, 1) (316, 2) (314, 1)
Vertex : 316 |  (283, 37) (349, 1) (317, 17) (315, 1)
Vertex : 317 |  (284, 26) (350, 1) (318, 5) (316, 1)
Vertex : 318 |  (285, 26) (351, 1) (319, 5) (317, 1)
Vertex : 319 |  (286, 37) (352, 1) (320, 2) (318, 1)
Vertex : 320 |  (287, 50) (353, 1) (321, 1) (319, 1)
Vertex : 321 |  (288, 26) (354, 1) (322, 1) (320, 1)
Vertex : 322 |  (289, 17) (355, 1) (323, 1) (321, 1)
Vertex : 323 |  (290, 26) (356, 1) (324, 1) (322, 2)
Vertex : 324 |  (291, 26) (357, 1) (325, 1) (323, 2)
Vertex : 325 |  (292, 17) (358, 1) (326, 1) (324, 26)
Vertex : 326 |  (293, 37) (359, 1) (327, 1) (325, 17)
Vertex : 327 |  (294, 26) (360, 1) (328, 1) (326, 2)
Vertex : 328 |  (295, 17) (361, 1) (329, 1) (327, 5)
Vertex : 329 |  (296, 26) (362, 1) (328, 5)
Vertex : 330 |  (297, 2) (363, 1) (331, 1)
Vertex : 331 |  (298, 10) (364, 1) (332, 1) (330, 17)
Vertex : 332 |  (299, 10) (365, 1) (333, 1) (331, 17)
Vertex : 333 |  (300, 5) (366, 1) (334, 1) (332, 5)
Vertex : 334 |  (301, 17) (367, 1) (335, 1) (333, 10)
Vertex : 335 |  (302, 17) (368, 1) (336, 1) (334, 5)
Vertex : 336 |  (303, 17) (369, 1) (337, 1) (335, 10)
Vertex : 337 |  (304, 17) (370, 1) (338, 1) (336, 2)
Vertex : 338 |  (305, 17) (371, 1) (339, 5) (337, 1)
Vertex : 339 |  (306, 10) (372, 1) (340, 2) (338, 1)
Vertex : 340 |  (307, 17) (373, 1) (341, 2) (339, 1)
Vertex : 341 |  (308, 10) (374, 1) (342, 2) (340, 1)
Vertex : 342 |  (309, 17) (375, 1) (343, 1) (341, 1)
Vertex : 343 |  (310, 5) (376, 1) (344, 1) (342, 1)
Vertex : 344 |  (311, 5) (377, 1) (345, 1) (343, 10)
Vertex : 345 |  (312, 10) (378, 1) (346, 1) (344, 2)
Vertex : 346 |  (313, 17) (379, 1) (347, 10) (345, 1)
Vertex : 347 |  (314, 17) (380, 1) (348, 10) (346, 1)
Vertex : 348 |  (315, 37) (381, 1) (349, 26) (347, 1)
Vertex : 349 |  (316, 5) (382, 1) (350, 5) (348, 1)
Vertex : 350 |  (317, 17) (383, 1) (351, 2) (349, 1)
Vertex : 351 |  (318, 26) (384, 1) (352, 5) (350, 1)
Vertex : 352 |  (319, 26) (385, 1) (353, 1) (351, 1)
Vertex : 353 |  (320, 37) (386, 1) (354, 5) (352, 1)
Vertex : 354 |  (321, 17) (387, 1) (355, 1) (353, 1)
Vertex : 355 |  (322, 26) (388, 1) (356, 1) (354, 2)
Vertex : 356 |  (323, 26) (389, 1) (357, 1) (355, 2)
Vertex : 357 |  (324, 37) (390, 1) (358, 1) (356, 5)
Vertex : 358 |  (325, 37) (391, 1) (359, 1) (357, 26)
Vertex : 359 |  (326, 10) (392, 1) (360, 1) (358, 2)
Vertex : 360 |  (327, 50) (393, 1) (361, 1) (359, 26)
Vertex : 361 |  (328, 37) (394, 1) (362, 1) (360, 2)
Vertex : 362 |  (329, 17) (395, 1) (361, 1)
Vertex : 363 |  (330, 10) (396, 1) (364, 1)
Vertex : 364 |  (331, 10) (397, 1) (365, 1) (363, 17)
Vertex : 365 |  (332, 10) (398, 1) (366, 1) (364, 17)
Vertex : 366 |  (333, 10) (399, 1) (367, 1) (365, 5)
Vertex : 367 |  (334, 10) (400, 1) (368, 1) (366, 10)
Vertex : 368 |  (335, 10) (401, 1) (369, 1) (367, 5)
Vertex : 369 |  (336, 5) (402, 1) (370, 1) (368, 5)
Vertex : 370 |  (337, 2) (403, 1) (371, 1) (369, 1)
Vertex : 371 |  (338, 2) (404, 1) (372, 1) (370, 1)
Vertex : 372 |  (339, 10) (405, 1) (373, 2) (371, 1)
Vertex : 373 |  (340, 10) (406, 1) (374, 5) (372, 1)
Vertex : 374 |  (341, 5) (407, 1) (375, 2) (373, 1)
Vertex : 375 |  (342, 5) (408, 1) (376, 1) (374, 1)
Vertex : 376 |  (343, 26) (409, 1) (377, 1) (375, 10)
Vertex : 377 |  (344, 10) (410, 1) (378, 1) (376, 2)
Vertex : 378 |  (345, 17) (411, 2) (379, 17) (377, 5)
Vertex : 379 |  (346, 1) (412, 1) (380, 1) (378, 1)
Vertex : 380 |  (347, 10) (413, 1) (381, 2) (379, 1)
Vertex : 381 |  (348, 26) (414, 1) (382, 5) (380, 1)
Vertex : 382 |  (349, 65) (415, 1) (383, 5) (381, 1)
Vertex : 383 |  (350, 65) (416, 1) (384, 10) (382, 1)
Vertex : 384 |  (351, 37) (417, 1) (385, 5) (383, 1)
Vertex : 385 |  (352, 37) (418, 1) (386, 5) (384, 1)
Vertex : 386 |  (353, 17) (419, 1) (387, 1) (385, 1)
Vertex : 387 |  (354, 50) (420, 1) (388, 1) (386, 2)
Vertex : 388 |  (355, 82) (421, 1) (389, 1) (387, 10)
Vertex : 389 |  (356, 65) (422, 1) (390, 1) (388, 1)
Vertex : 390 |  (357, 122) (423, 1) (391, 1) (389, 26)
Vertex : 391 |  (358, 50) (424, 1) (392, 1) (390, 2)
Vertex : 392 |  (359, 82) (425, 1) (393, 1) (391, 10)
Vertex : 393 |  (360, 17) (426, 1) (394, 1) (392, 1)
Vertex : 394 |  (361, 17) (427, 1) (395, 2) (393, 2)
Vertex : 395 |  (362, 10) (428, 1) (394, 1)
Vertex : 396 |  (363, 2) (429, 1) (397, 1)
Vertex : 397 |  (364, 10) (430, 1) (398, 1) (396, 37)
Vertex : 398 |  (365, 26) (431, 1) (399, 1) (397, 37)
Vertex : 399 |  (366, 10) (432, 1) (400, 1) (398, 1)
Vertex : 400 |  (367, 5) (433, 1) (401, 1) (399, 5)
Vertex : 401 |  (368, 10) (434, 1) (402, 1) (400, 10)
Vertex : 402 |  (369, 5) (435, 2) (403, 1) (401, 2)
Vertex : 403 |  (370, 10) (436, 1) (404, 5) (402, 2)
Vertex : 404 |  (371, 2) (437, 1) (405, 1) (403, 1)
Vertex : 405 |  (372, 5) (438, 1) (406, 5) (404, 2)
Vertex : 406 |  (373, 2) (439, 1) (407, 1) (405, 1)
Vertex : 407 |  (374, 17) (440, 1) (408, 2) (406, 2)
Vertex : 408 |  (375, 17) (441, 1) (409, 2) (407, 1)
Vertex : 409 |  (376, 1) (442, 1) (410, 1) (408, 1)
Vertex : 410 |  (377, 2) (443, 1) (411, 1) (409, 5)
Vertex : 411 |  (378, 1) (444, 2) (412, 1) (410, 1)
Vertex : 412 |  (379, 17) (445, 10) (413, 1) (411, 2)
Vertex : 413 |  (380, 17) (446, 5) (414, 2) (412, 1)
Vertex : 414 |  (381, 17) (447, 1) (415, 10) (413, 1)
Vertex : 415 |  (382, 10) (448, 1) (416, 1) (414, 1)
Vertex : 416 |  (383, 37) (449, 2) (417, 10) (415, 2)
Vertex : 417 |  (384, 37) (450, 2) (418, 26) (416, 1)
Vertex : 418 |  (385, 10) (451, 1) (419, 2) (417, 1)
Vertex : 419 |  (386, 17) (452, 1) (420, 1) (418, 1)
Vertex : 420 |  (387, 26) (453, 1) (421, 1) (419, 5)
Vertex : 421 |  (388, 37) (454, 1) (422, 1) (420, 17)
Vertex : 422 |  (389, 82) (455, 1) (423, 1) (421, 10)
Vertex : 423 |  (390, 26) (456, 1) (424, 1) (422, 2)
Vertex : 424 |  (391, 26) (457, 1) (425, 1) (423, 2)
Vertex : 425 |  (392, 10) (458, 1) (426, 1) (424, 2)
Vertex : 426 |  (393, 10) (459, 1) (427, 1) (425, 1)
Vertex : 427 |  (394, 5) (460, 1) (428, 2) (426, 1)
Vertex : 428 |  (395, 5) (461, 2) (427, 1)
Vertex : 429 |  (396, 17) (462, 1) (430, 1)
Vertex : 430 |  (397, 10) (463, 1) (431, 1) (429, 26)
Vertex : 431 |  (398, 1) (464, 1) (432, 1) (430, 10)
Vertex : 432 |  (399, 5) (465, 1) (433, 1) (431, 5)
Vertex : 433 |  (400, 10) (466, 5) (434, 1) (432, 10)
Vertex : 434 |  (401, 2) (467, 2) (435, 2) (433, 2)
Vertex : 435 |  (402, 1) (468, 2) (436, 1) (434, 1)
Vertex : 436 |  (403, 1) (469, 1) (437, 1) (435, 5)
Vertex : 437 |  (404, 5) (470, 1) (438, 1) (436, 1)
Vertex : 438 |  (405, 5) (471, 5) (439, 2) (437, 2)
Vertex : 439 |  (406, 10) (472, 2) (440, 1) (438, 1)
Vertex : 440 |  (407, 5) (473, 1) (441, 2) (439, 1)
Vertex : 441 |  (408, 5) (474, 1) (442, 2) (440, 1)
Vertex : 442 |  (409, 5) (475, 2) (443, 1) (441, 1)
Vertex : 443 |  (410, 1) (476, 2) (444, 2) (442, 1)
Vertex : 444 |  (411, 1) (477, 2) (445, 2) (443, 1)
Vertex : 445 |  (412, 1) (478, 1) (446, 1) (444, 1)
Vertex : 446 |  (413, 1) (479, 1) (447, 1) (445, 2)
Vertex : 447 |  (414, 1) (480, 1) (448, 2) (446, 2)
Vertex : 448 |  (415, 5) (481, 1) (449, 5) (447, 1)
Vertex : 449 |  (416, 1) (482, 1) (450, 10) (448, 1)
Vertex : 450 |  (417, 1) (483, 1) (451, 2) (449, 1)
Vertex : 451 |  (418, 10) (484, 1) (452, 1) (450, 1)
Vertex : 452 |  (419, 26) (485, 1) (453, 1) (451, 2)
Vertex : 453 |  (420, 17) (486, 1) (454, 1) (452, 2)
Vertex : 454 |  (421, 5) (487, 1) (455, 1) (453, 5)
Vertex : 455 |  (422, 1) (488, 1) (456, 1) (454, 2)
Vertex : 456 |  (423, 2) (489, 1) (457, 1) (455, 5)
Vertex : 457 |  (424, 5) (490, 2) (458, 1) (456, 5)
Vertex : 458 |  (425, 5) (491, 2) (459, 5) (457, 2)
Vertex : 459 |  (426, 1) (492, 1) (460, 1) (458, 1)
Vertex : 460 |  (427, 1) (493, 2) (461, 5) (459, 1)
Vertex : 461 |  (428, 1) (494, 1) (460, 1)
Vertex : 462 |  (429, 10) (495, 1) (463, 1)
Vertex : 463 |  (430, 2) (496, 1) (464, 1) (462, 10)
Vertex : 464 |  (431, 1) (497, 1) (465, 1) (463, 5)
Vertex : 465 |  (432, 5) (498, 2) (466, 2) (464, 17)
Vertex : 466 |  (433, 1) (499, 1) (467, 1) (465, 1)
Vertex : 467 |  (434, 1) (500, 1) (468, 2) (466, 5)
Vertex : 468 |  (435, 1) (501, 1) (469, 1) (467, 1)
Vertex : 469 |  (436, 1) (502, 5) (470, 1) (468, 10)
Vertex : 470 |  (437, 1) (503, 1) (471, 2) (469, 1)
Vertex : 471 |  (438, 1) (504, 1) (472, 1) (470, 1)
Vertex : 472 |  (439, 1) (505, 1) (473, 1) (471, 1)
Vertex : 473 |  (440, 1) (506, 5) (474, 1) (472, 2)
Vertex : 474 |  (441, 2) (507, 17) (475, 10) (473, 1)
Vertex : 475 |  (442, 1) (508, 1) (476, 1) (474, 1)
Vertex : 476 |  (443, 1) (509, 17) (477, 2) (475, 1)
Vertex : 477 |  (444, 1) (510, 5) (478, 1) (476, 1)
Vertex : 478 |  (445, 1) (511, 1) (479, 1) (477, 1)
Vertex : 479 |  (446, 1) (512, 2) (480, 1) (478, 2)
Vertex : 480 |  (447, 1) (513, 2) (481, 2) (479, 2)
Vertex : 481 |  (448, 1) (514, 1) (482, 2) (480, 1)
Vertex : 482 |  (449, 2) (515, 1) (483, 5) (481, 1)
Vertex : 483 |  (450, 5) (516, 1) (484, 1) (482, 1)
Vertex : 484 |  (451, 10) (517, 1) (485, 1) (483, 1)
Vertex : 485 |  (452, 17) (518, 1) (486, 1) (484, 5)
Vertex : 486 |  (453, 26) (519, 1) (487, 1) (485, 5)
Vertex : 487 |  (454, 10) (520, 1) (488, 1) (486, 1)
Vertex : 488 |  (455, 17) (521, 1) (489, 1) (487, 5)
Vertex : 489 |  (456, 10) (522, 10) (490, 5) (488, 2)
Vertex : 490 |  (457, 1) (523, 1) (491, 1) (489, 1)
Vertex : 491 |  (458, 1) (524, 1) (492, 1) (490, 2)
Vertex : 492 |  (459, 2) (525, 1) (493, 5) (491, 1)
Vertex : 493 |  (460, 1) (526, 1) (494, 1) (492, 1)
Vertex : 494 |  (461, 2) (527, 1) (493, 1)
Vertex : 495 |  (462, 5) (528, 1) (496, 1)
Vertex : 496 |  (463, 5) (529, 1) (497, 1) (495, 10)
Vertex : 497 |  (464, 5) (530, 1) (498, 1) (496, 5)
Vertex : 498 |  (465, 1) (531, 1) (499, 1) (497, 2)
Vertex : 499 |  (466, 1) (532, 1) (500, 1) (498, 1)
Vertex : 500 |  (467, 2) (533, 2) (501, 2) (499, 10)
Vertex : 501 |  (468, 2) (534, 1) (502, 1) (500, 1)
Vertex : 502 |  (469, 1) (535, 1) (503, 1) (501, 1)
Vertex : 503 |  (470, 1) (536, 1) (504, 1) (502, 5)
Vertex : 504 |  (471, 2) (537, 1) (505, 1) (503, 1)
Vertex : 505 |  (472, 2) (538, 2) (506, 5) (504, 1)
Vertex : 506 |  (473, 1) (539, 2) (507, 5) (505, 1)
Vertex : 507 |  (474, 1) (540, 2) (508, 1) (506, 1)
Vertex : 508 |  (475, 1) (541, 26) (509, 17) (507, 2)
Vertex : 509 |  (476, 1) (542, 2) (510, 1) (508, 1)
Vertex : 510 |  (477, 1) (543, 2) (511, 1) (509, 2)
Vertex : 511 |  (478, 2) (544, 17) (512, 2) (510, 10)
Vertex : 512 |  (479, 1) (545, 1) (513, 1) (511, 1)
Vertex : 513 |  (480, 1) (546, 1) (514, 1) (512, 2)
Vertex : 514 |  (481, 2) (547, 1) (515, 1) (513, 2)
Vertex : 515 |  (482, 5) (548, 1) (516, 1) (514, 1)
Vertex : 516 |  (483, 17) (549, 1) (517, 2) (515, 1)
Vertex : 517 |  (484, 10) (550, 1) (518, 1) (516, 1)
Vertex : 518 |  (485, 26) (551, 1) (519, 1) (517, 17)
Vertex : 519 |  (486, 10) (552, 1) (520, 1) (518, 1)
Vertex : 520 |  (487, 10) (553, 1) (521, 1) (519, 1)
Vertex : 521 |  (488, 2) (554, 1) (522, 10) (520, 1)
Vertex : 522 |  (489, 1) (555, 1) (523, 1) (521, 1)
Vertex : 523 |  (490, 2) (556, 5) (524, 1) (522, 5)
Vertex : 524 |  (491, 1) (557, 5) (525, 1) (523, 1)
Vertex : 525 |  (492, 2) (558, 2) (526, 1) (524, 2)
Vertex : 526 |  (493, 10) (559, 2) (527, 2) (525, 1)
Vertex : 527 |  (494, 5) (560, 1) (526, 1)
Vertex : 528 |  (495, 5) (561, 1) (529, 1)
Vertex : 529 |  (496, 2) (562, 1) (530, 1) (528, 5)
Vertex : 530 |  (497, 2) (563, 1) (531, 1) (529, 5)
Vertex : 531 |  (498, 2) (564, 1) (532, 1) (530, 2)
Vertex : 532 |  (499, 17) (565, 1) (533, 5) (531, 10)
Vertex : 533 |  (500, 1) (566, 1) (534, 1) (532, 1)
Vertex : 534 |  (501, 5) (567, 1) (535, 1) (533, 5)
Vertex : 535 |  (502, 5) (568, 1) (536, 1) (534, 1)
Vertex : 536 |  (503, 1) (569, 1) (537, 1) (535, 1)
Vertex : 537 |  (504, 1) (570, 1) (538, 2) (536, 1)
Vertex : 538 |  (505, 1) (571, 1) (539, 5) (537, 1)
Vertex : 539 |  (506, 1) (572, 1) (540, 5) (538, 1)
Vertex : 540 |  (507, 1) (573, 1) (541, 10) (539, 1)
Vertex : 541 |  (508, 1) (574, 1) (542, 1) (540, 1)
Vertex : 542 |  (509, 1) (575, 1) (543, 1) (541, 1)
Vertex : 543 |  (510, 1) (576, 1) (544, 1) (542, 2)
Vertex : 544 |  (511, 1) (577, 1) (545, 1) (543, 1)
Vertex : 545 |  (512, 1) (578, 1) (546, 1) (544, 10)
Vertex : 546 |  (513, 2) (579, 2) (547, 1) (545, 5)
Vertex : 547 |  (514, 1) (580, 1) (548, 1) (546, 1)
Vertex : 548 |  (515, 1) (581, 1) (549, 1) (547, 1)
Vertex : 549 |  (516, 2) (582, 1) (550, 1) (548, 2)
Vertex : 550 |  (517, 17) (583, 1) (551, 1) (549, 5)
Vertex : 551 |  (518, 1) (584, 1) (552, 1) (550, 1)
Vertex : 552 |  (519, 2) (585, 1) (553, 1) (551, 2)
Vertex : 553 |  (520, 2) (586, 1) (554, 2) (552, 1)
Vertex : 554 |  (521, 1) (587, 2) (555, 5) (553, 1)
Vertex : 555 |  (522, 2) (588, 1) (556, 2) (554, 1)
Vertex : 556 |  (523, 1) (589, 1) (557, 1) (555, 1)
Vertex : 557 |  (524, 1) (590, 1) (558, 1) (556, 1)
Vertex : 558 |  (525, 1) (591, 1) (559, 1) (557, 5)
Vertex : 559 |  (526, 1) (592, 1) (560, 1) (558, 1)
Vertex : 560 |  (527, 1) (593, 1) (559, 1)
Vertex : 561 |  (528, 37) (594, 1) (562, 1)
Vertex : 562 |  (529, 37) (595, 1) (563, 1) (561, 5)
Vertex : 563 |  (530, 26) (596, 1) (564, 2) (562, 2)
Vertex : 564 |  (531, 10) (597, 1) (565, 1) (563, 1)
Vertex : 565 |  (532, 1) (598, 1) (566, 1) (564, 1)
Vertex : 566 |  (533, 26) (599, 1) (567, 1) (565, 10)
Vertex : 567 |  (534, 26) (600, 1) (568, 1) (566, 5)
Vertex : 568 |  (535, 26) (601, 1) (569, 2) (567, 1)
Vertex : 569 |  (536, 17) (602, 1) (570, 2) (568, 1)
Vertex : 570 |  (537, 10) (603, 1) (571, 5) (569, 1)
Vertex : 571 |  (538, 5) (604, 2) (572, 5) (570, 1)
Vertex : 572 |  (539, 5) (605, 1) (573, 5) (571, 1)
Vertex : 573 |  (540, 5) (606, 1) (574, 5) (572, 1)
Vertex : 574 |  (541, 10) (607, 1) (575, 1) (573, 1)
Vertex : 575 |  (542, 10) (608, 1) (576, 2) (574, 1)
Vertex : 576 |  (543, 2) (609, 1) (577, 1) (575, 1)
Vertex : 577 |  (544, 5) (610, 1) (578, 1) (576, 2)
Vertex : 578 |  (545, 1) (611, 1) (579, 1) (577, 2)
Vertex : 579 |  (546, 1) (612, 1) (580, 1) (578, 2)
Vertex : 580 |  (547, 1) (613, 1) (581, 1) (579, 2)
Vertex : 581 |  (548, 10) (614, 2) (582, 1) (580, 10)
Vertex : 582 |  (549, 5) (615, 1) (583, 1) (581, 1)
Vertex : 583 |  (550, 5) (616, 1) (584, 1) (582, 5)
Vertex : 584 |  (551, 5) (617, 1) (585, 1) (583, 1)
Vertex : 585 |  (552, 10) (618, 2) (586, 10) (584, 5)
Vertex : 586 |  (553, 1) (619, 2) (587, 5) (585, 1)
Vertex : 587 |  (554, 1) (620, 5) (588, 2) (586, 1)
Vertex : 588 |  (555, 1) (621, 2) (589, 1) (587, 1)
Vertex : 589 |  (556, 2) (622, 2) (590, 1) (588, 1)
Vertex : 590 |  (557, 10) (623, 2) (591, 1) (589, 5)
Vertex : 591 |  (558, 2) (624, 2) (592, 2) (590, 1)
Vertex : 592 |  (559, 1) (625, 2) (593, 1) (591, 1)
Vertex : 593 |  (560, 1) (626, 5) (592, 1)
Vertex : 594 |  (561, 10) (627, 5) (595, 1)
Vertex : 595 |  (562, 5) (628, 1) (596, 1) (594, 2)
Vertex : 596 |  (563, 5) (629, 1) (597, 1) (595, 2)
Vertex : 597 |  (564, 10) (630, 1) (598, 1) (596, 1)
Vertex : 598 |  (565, 37) (631, 1) (599, 1) (597, 10)
Vertex : 599 |  (566, 10) (632, 1) (600, 1) (598, 1)
Vertex : 600 |  (567, 5) (633, 1) (601, 1) (599, 2)
Vertex : 601 |  (568, 10) (634, 1) (602, 5) (600, 2)
Vertex : 602 |  (569, 5) (635, 1) (603, 5) (601, 1)
Vertex : 603 |  (570, 2) (636, 1) (604, 17) (602, 1)
Vertex : 604 |  (571, 1) (637, 1) (605, 1) (603, 1)
Vertex : 605 |  (572, 2) (638, 1) (606, 2) (604, 1)
Vertex : 606 |  (573, 5) (639, 1) (607, 2) (605, 1)
Vertex : 607 |  (574, 10) (640, 1) (608, 10) (606, 1)
Vertex : 608 |  (575, 1) (641, 1) (609, 1) (607, 1)
Vertex : 609 |  (576, 2) (642, 1) (610, 1) (608, 1)
Vertex : 610 |  (577, 2) (643, 1) (611, 1) (609, 2)
Vertex : 611 |  (578, 10) (644, 1) (612, 1) (610, 10)
Vertex : 612 |  (579, 10) (645, 1) (613, 2) (611, 2)
Vertex : 613 |  (580, 2) (646, 1) (614, 1) (612, 1)
Vertex : 614 |  (581, 1) (647, 1) (615, 1) (613, 2)
Vertex : 615 |  (582, 1) (648, 1) (616, 1) (614, 2)
Vertex : 616 |  (583, 1) (649, 1) (617, 1) (615, 5)
Vertex : 617 |  (584, 2) (650, 1) (618, 1) (616, 2)
Vertex : 618 |  (585, 1) (651, 2) (619, 10) (617, 1)
Vertex : 619 |  (586, 1) (652, 1) (620, 10) (618, 1)
Vertex : 620 |  (587, 1) (653, 1) (621, 1) (619, 1)
Vertex : 621 |  (588, 1) (654, 1) (622, 1) (620, 1)
Vertex : 622 |  (589, 1) (655, 5) (623, 1) (621, 1)
Vertex : 623 |  (590, 1) (656, 26) (624, 1) (622, 5)
Vertex : 624 |  (591, 1) (657, 10) (625, 2) (623, 1)
Vertex : 625 |  (592, 1) (658, 2) (626, 2) (624, 1)
Vertex : 626 |  (593, 1) (659, 1) (625, 1)
Vertex : 627 |  (594, 1) (660, 2) (628, 1)
Vertex : 628 |  (595, 1) (661, 1) (629, 1) (627, 10)
Vertex : 629 |  (596, 2) (662, 1) (630, 1) (628, 5)
Vertex : 630 |  (597, 17) (663, 1) (631, 1) (629, 10)
Vertex : 631 |  (598, 10) (664, 1) (632, 1) (630, 5)
Vertex : 632 |  (599, 26) (665, 1) (633, 2) (631, 5)
Vertex : 633 |  (600, 10) (666, 1) (634, 1) (632, 1)
Vertex : 634 |  (601, 10) (667, 2) (635, 10) (633, 2)
Vertex : 635 |  (602, 5) (668, 1) (636, 17) (634, 1)
Vertex : 636 |  (603, 1) (669, 1) (637, 5) (635, 1)
Vertex : 637 |  (604, 5) (670, 1) (638, 5) (636, 1)
Vertex : 638 |  (605, 1) (671, 1) (639, 1) (637, 1)
Vertex : 639 |  (606, 2) (672, 1) (640, 1) (638, 1)
Vertex : 640 |  (607, 10) (673, 1) (641, 5) (639, 2)
Vertex : 641 |  (608, 17) (674, 1) (642, 2) (640, 1)
Vertex : 642 |  (609, 10) (675, 1) (643, 1) (641, 1)
Vertex : 643 |  (610, 10) (676, 1) (644, 1) (642, 2)
Vertex : 644 |  (611, 10) (677, 1) (645, 1) (643, 10)
Vertex : 645 |  (612, 10) (678, 1) (646, 1) (644, 2)
Vertex : 646 |  (613, 17) (679, 1) (647, 1) (645, 1)
Vertex : 647 |  (614, 10) (680, 1) (648, 1) (646, 1)
Vertex : 648 |  (615, 10) (681, 1) (649, 1) (647, 2)
Vertex : 649 |  (616, 5) (682, 1) (650, 1) (648, 2)
Vertex : 650 |  (617, 2) (683, 1) (651, 5) (649, 1)
Vertex : 651 |  (618, 1) (684, 1) (652, 1) (650, 1)
Vertex : 652 |  (619, 5) (685, 1) (653, 10) (651, 1)
Vertex : 653 |  (620, 5) (686, 5) (654, 5) (652, 1)
Vertex : 654 |  (621, 1) (687, 17) (655, 5) (653, 1)
Vertex : 655 |  (622, 1) (688, 17) (656, 2) (654, 1)
Vertex : 656 |  (623, 1) (689, 1) (657, 1) (655, 1)
Vertex : 657 |  (624, 1) (690, 2) (658, 1) (656, 5)
Vertex : 658 |  (625, 1) (691, 2) (659, 1) (657, 2)
Vertex : 659 |  (626, 1) (692, 2) (658, 1)
Vertex : 660 |  (627, 1) (693, 1) (661, 1)
Vertex : 661 |  (628, 2) (694, 1) (662, 1) (660, 26)
Vertex : 662 |  (629, 5) (695, 1) (663, 1) (661, 10)
Vertex : 663 |  (630, 10) (696, 1) (664, 1) (662, 17)
Vertex : 664 |  (631, 5) (697, 1) (665, 1) (663, 2)
Vertex : 665 |  (632, 5) (698, 1) (666, 5) (664, 5)
Vertex : 666 |  (633, 2) (699, 1) (667, 2) (665, 1)
Vertex : 667 |  (634, 1) (700, 1) (668, 5) (666, 1)
Vertex : 668 |  (635, 1) (701, 1) (669, 10) (667, 1)
Vertex : 669 |  (636, 2) (702, 1) (670, 5) (668, 1)
Vertex : 670 |  (637, 2) (703, 1) (671, 1) (669, 1)
Vertex : 671 |  (638, 10) (704, 1) (672, 5) (670, 1)
Vertex : 672 |  (639, 2) (705, 1) (673, 1) (671, 1)
Vertex : 673 |  (640, 2) (706, 1) (674, 2) (672, 2)
Vertex : 674 |  (641, 5) (707, 1) (675, 1) (673, 1)
Vertex : 675 |  (642, 10) (708, 1) (676, 1) (674, 1)
Vertex : 676 |  (643, 10) (709, 1) (677, 1) (675, 2)
Vertex : 677 |  (644, 5) (710, 1) (678, 1) (676, 5)
Vertex : 678 |  (645, 5) (711, 1) (679, 2) (677, 2)
Vertex : 679 |  (646, 2) (712, 1) (680, 1) (678, 1)
Vertex : 680 |  (647, 2) (713, 1) (681, 1) (679, 1)
Vertex : 681 |  (648, 2) (714, 1) (682, 1) (680, 2)
Vertex : 682 |  (649, 2) (715, 2) (683, 2) (681, 2)
Vertex : 683 |  (650, 1) (716, 1) (684, 1) (682, 1)
Vertex : 684 |  (651, 5) (717, 1) (685, 2) (683, 1)
Vertex : 685 |  (652, 2) (718, 5) (686, 37) (684, 1)
Vertex : 686 |  (653, 1) (719, 2) (687, 17) (685, 1)
Vertex : 687 |  (654, 1) (720, 1) (688, 5) (686, 1)
Vertex : 688 |  (655, 1) (721, 1) (689, 1) (687, 1)
Vertex : 689 |  (656, 1) (722, 2) (690, 1) (688, 10)
Vertex : 690 |  (657, 1) (723, 1) (691, 1) (689, 2)
Vertex : 691 |  (658, 1) (724, 1) (692, 1) (690, 2)
Vertex : 692 |  (659, 1) (725, 10) (691, 1)
Vertex : 693 |  (660, 2) (726, 1) (694, 1)
Vertex : 694 |  (661, 10) (727, 1) (695, 1) (693, 50)
Vertex : 695 |  (662, 17) (728, 1) (696, 1) (694, 17)
Vertex : 696 |  (663, 17) (729, 1) (697, 2) (695, 17)
Vertex : 697 |  (664, 5) (730, 1) (698, 1) (696, 1)
Vertex : 698 |  (665, 1) (731, 1) (699, 5) (697, 1)
Vertex : 699 |  (666, 1) (732, 1) (700, 1) (698, 1)
Vertex : 700 |  (667, 2) (733, 1) (701, 2) (699, 1)
Vertex : 701 |  (668, 5) (734, 1) (702, 5) (700, 1)
Vertex : 702 |  (669, 10) (735, 1) (703, 2) (701, 1)
Vertex : 703 |  (670, 17) (736, 1) (704, 1) (702, 1)
Vertex : 704 |  (671, 17) (737, 1) (705, 1) (703, 1)
Vertex : 705 |  (672, 37) (738, 1) (706, 1) (704, 1)
Vertex : 706 |  (673, 26) (739, 1) (707, 1) (705, 1)
Vertex : 707 |  (674, 50) (740, 1) (708, 2) (706, 2)
Vertex : 708 |  (675, 37) (741, 1) (709, 1) (707, 1)
Vertex : 709 |  (676, 37) (742, 1) (710, 2) (708, 2)
Vertex : 710 |  (677, 10) (743, 1) (711, 1) (709, 1)
Vertex : 711 |  (678, 17) (744, 1) (712, 2) (710, 5)
Vertex : 712 |  (679, 17) (745, 1) (713, 5) (711, 1)
Vertex : 713 |  (680, 5) (746, 1) (714, 1) (712, 1)
Vertex : 714 |  (681, 5) (747, 1) (715, 5) (713, 2)
Vertex : 715 |  (682, 1) (748, 1) (716, 1) (714, 1)
Vertex : 716 |  (683, 5) (749, 5) (717, 5) (715, 5)
Vertex : 717 |  (684, 1) (750, 5) (718, 10) (716, 1)
Vertex : 718 |  (685, 1) (751, 2) (719, 26) (717, 1)
Vertex : 719 |  (686, 1) (752, 1) (720, 5) (718, 1)
Vertex : 720 |  (687, 2) (753, 1) (721, 2) (719, 1)
Vertex : 721 |  (688, 5) (754, 1) (722, 1) (720, 1)
Vertex : 722 |  (689, 1) (755, 1) (723, 1) (721, 1)
Vertex : 723 |  (690, 1) (756, 10) (724, 1) (722, 5)
Vertex : 724 |  (691, 1) (757, 37) (725, 10) (723, 2)
Vertex : 725 |  (692, 1) (758, 37) (724, 1)
Vertex : 726 |  (693, 26) (759, 1) (727, 1)
Vertex : 727 |  (694, 10) (760, 1) (728, 1) (726, 26)
Vertex : 728 |  (695, 17) (761, 2) (729, 1) (727, 26)
Vertex : 729 |  (696, 5) (762, 2) (730, 2) (728, 5)
Vertex : 730 |  (697, 5) (763, 1) (731, 2) (729, 1)
Vertex : 731 |  (698, 2) (764, 1) (732, 1) (730, 1)
Vertex : 732 |  (699, 10) (765, 1) (733, 2) (731, 1)
Vertex : 733 |  (700, 5) (766, 1) (734, 1) (732, 1)
Vertex : 734 |  (701, 10) (767, 1) (735, 2) (733, 1)
Vertex : 735 |  (702, 17) (768, 1) (736, 1) (734, 1)
Vertex : 736 |  (703, 26) (769, 1) (737, 2) (735, 1)
Vertex : 737 |  (704, 17) (770, 1) (738, 1) (736, 1)
Vertex : 738 |  (705, 50) (771, 1) (739, 1) (737, 10)
Vertex : 739 |  (706, 50) (772, 1) (740, 5) (738, 1)
Vertex : 740 |  (707, 17) (773, 1) (741, 1) (739, 1)
Vertex : 741 |  (708, 37) (774, 1) (742, 2) (740, 2)
Vertex : 742 |  (709, 17) (775, 1) (743, 2) (741, 1)
Vertex : 743 |  (710, 17) (776, 1) (744, 2) (742, 1)
Vertex : 744 |  (711, 2) (777, 1) (745, 5) (743, 1)
Vertex : 745 |  (712, 1) (778, 2) (746, 2) (744, 1)
Vertex : 746 |  (713, 2) (779, 10) (747, 1) (745, 1)
Vertex : 747 |  (714, 1) (780, 5) (748, 2) (746, 1)
Vertex : 748 |  (715, 2) (781, 10) (749, 2) (747, 1)
Vertex : 749 |  (716, 1) (782, 26) (750, 5) (748, 1)
Vertex : 750 |  (717, 1) (783, 17) (751, 5) (749, 1)
Vertex : 751 |  (718, 1) (784, 10) (752, 5) (750, 1)
Vertex : 752 |  (719, 5) (785, 2) (753, 2) (751, 1)
Vertex : 753 |  (720, 10) (786, 2) (754, 17) (752, 1)
Vertex : 754 |  (721, 1) (787, 1) (755, 1) (753, 1)
Vertex : 755 |  (722, 1) (788, 1) (756, 2) (754, 1)
Vertex : 756 |  (723, 1) (789, 10) (757, 5) (755, 1)
Vertex : 757 |  (724, 1) (790, 10) (758, 10) (756, 1)
Vertex : 758 |  (725, 1) (791, 17) (757, 1)
Vertex : 759 |  (726, 2) (792, 1) (760, 1)
Vertex : 760 |  (727, 10) (793, 1) (761, 1) (759, 50)
Vertex : 761 |  (728, 1) (794, 1) (762, 1) (760, 2)
Vertex : 762 |  (729, 1) (795, 1) (763, 1) (761, 5)
Vertex : 763 |  (730, 2) (796, 1) (764, 1) (762, 2)
Vertex : 764 |  (731, 10) (797, 1) (765, 2) (763, 2)
Vertex : 765 |  (732, 5) (798, 1) (766, 2) (764, 1)
Vertex : 766 |  (733, 5) (799, 1) (767, 1) (765, 1)
Vertex : 767 |  (734, 10) (800, 1) (768, 5) (766, 2)
Vertex : 768 |  (735, 5) (801, 1) (769, 1) (767, 1)
Vertex : 769 |  (736, 17) (802, 1) (770, 1) (768, 5)
Vertex : 770 |  (737, 37) (803, 1) (771, 1) (769, 2)
Vertex : 771 |  (738, 26) (804, 1) (772, 1) (770, 5)
Vertex : 772 |  (739, 37) (805, 1) (773, 10) (771, 2)
Vertex : 773 |  (740, 26) (806, 1) (774, 1) (772, 1)
Vertex : 774 |  (741, 17) (807, 1) (775, 2) (773, 1)
Vertex : 775 |  (742, 17) (808, 1) (776, 5) (774, 1)
Vertex : 776 |  (743, 10) (809, 1) (777, 10) (775, 1)
Vertex : 777 |  (744, 2) (810, 1) (778, 17) (776, 1)
Vertex : 778 |  (745, 1) (811, 1) (779, 10) (777, 1)
Vertex : 779 |  (746, 1) (812, 1) (780, 1) (778, 1)
Vertex : 780 |  (747, 1) (813, 1) (781, 5) (779, 2)
Vertex : 781 |  (748, 1) (814, 1) (782, 10) (780, 1)
Vertex : 782 |  (749, 1) (815, 2) (783, 2) (781, 1)
Vertex : 783 |  (750, 1) (816, 5) (784, 2) (782, 1)
Vertex : 784 |  (751, 1) (817, 2) (785, 1) (783, 1)
Vertex : 785 |  (752, 1) (818, 2) (786, 2) (784, 1)
Vertex : 786 |  (753, 1) (819, 2) (787, 2) (785, 1)
Vertex : 787 |  (754, 5) (820, 2) (788, 5) (786, 1)
Vertex : 788 |  (755, 1) (821, 5) (789, 17) (787, 1)
Vertex : 789 |  (756, 1) (822, 1) (790, 5) (788, 1)
Vertex : 790 |  (757, 1) (823, 2) (791, 17) (789, 1)
Vertex : 791 |  (758, 1) (824, 1) (790, 1)
Vertex : 792 |  (759, 26) (825, 1) (793, 1)
Vertex : 793 |  (760, 2) (826, 1) (794, 1) (792, 10)
Vertex : 794 |  (761, 2) (827, 1) (795, 1) (793, 2)
Vertex : 795 |  (762, 2) (828, 1) (796, 1) (794, 5)
Vertex : 796 |  (763, 1) (829, 1) (797, 1) (795, 1)
Vertex : 797 |  (764, 1) (830, 1) (798, 1) (796, 2)
Vertex : 798 |  (765, 2) (831, 1) (799, 2) (797, 1)
Vertex : 799 |  (766, 2) (832, 1) (800, 1) (798, 1)
Vertex : 800 |  (767, 1) (833, 1) (801, 1) (799, 1)
Vertex : 801 |  (768, 17) (834, 1) (802, 1) (800, 5)
Vertex : 802 |  (769, 26) (835, 1) (803, 1) (801, 10)
Vertex : 803 |  (770, 37) (836, 1) (804, 1) (802, 5)
Vertex : 804 |  (771, 17) (837, 1) (805, 1) (803, 1)
Vertex : 805 |  (772, 10) (838, 1) (806, 10) (804, 1)
Vertex : 806 |  (773, 10) (839, 1) (807, 2) (805, 1)
Vertex : 807 |  (774, 5) (840, 1) (808, 2) (806, 1)
Vertex : 808 |  (775, 5) (841, 1) (809, 5) (807, 1)
Vertex : 809 |  (776, 5) (842, 1) (810, 10) (808, 1)
Vertex : 810 |  (777, 5) (843, 1) (811, 26) (809, 1)
Vertex : 811 |  (778, 2) (844, 1) (812, 2) (810, 1)
Vertex : 812 |  (779, 10) (845, 1) (813, 5) (811, 1)
Vertex : 813 |  (780, 1) (846, 1) (814, 5) (812, 1)
Vertex : 814 |  (781, 1) (847, 1) (815, 17) (813, 1)
Vertex : 815 |  (782, 1) (848, 1) (816, 5) (814, 1)
Vertex : 816 |  (783, 1) (849, 1) (817, 1) (815, 1)
Vertex : 817 |  (784, 1) (850, 1) (818, 1) (816, 1)
Vertex : 818 |  (785, 1) (851, 2) (819, 2) (817, 1)
Vertex : 819 |  (786, 1) (852, 2) (820, 2) (818, 1)
Vertex : 820 |  (787, 1) (853, 5) (821, 10) (819, 1)
Vertex : 821 |  (788, 1) (854, 1) (822, 5) (820, 1)
Vertex : 822 |  (789, 1) (855, 1) (823, 10) (821, 1)
Vertex : 823 |  (790, 1) (856, 1) (824, 5) (822, 1)
Vertex : 824 |  (791, 2) (857, 1) (823, 1)
Vertex : 825 |  (792, 17) (858, 1) (826, 1)
Vertex : 826 |  (793, 17) (859, 1) (827, 1) (825, 10)
Vertex : 827 |  (794, 10) (860, 1) (828, 2) (826, 1)
Vertex : 828 |  (795, 1) (861, 1) (829, 1) (827, 1)
Vertex : 829 |  (796, 2) (862, 1) (830, 1) (828, 2)
Vertex : 830 |  (797, 2) (863, 1) (831, 1) (829, 2)
Vertex : 831 |  (798, 2) (864, 1) (832, 1) (830, 1)
Vertex : 832 |  (799, 5) (865, 1) (833, 1) (831, 1)
Vertex : 833 |  (800, 17) (866, 1) (834, 1) (832, 5)
Vertex : 834 |  (801, 17) (867, 1) (835, 1) (833, 5)
Vertex : 835 |  (802, 5) (868, 1) (836, 1) (834, 2)
Vertex : 836 |  (803, 1) (869, 1) (837, 1) (835, 1)
Vertex : 837 |  (804, 2) (870, 1) (838, 1) (836, 2)
Vertex : 838 |  (805, 5) (871, 1) (839, 5) (837, 2)
Vertex : 839 |  (806, 10) (872, 1) (840, 1) (838, 1)
Vertex : 840 |  (807, 26) (873, 1) (841, 1) (839, 2)
Vertex : 841 |  (808, 37) (874, 1) (842, 10) (840, 1)
Vertex : 842 |  (809, 26) (875, 1) (843, 26) (841, 1)
Vertex : 843 |  (810, 10) (876, 1) (844, 2) (842, 1)
Vertex : 844 |  (811, 50) (877, 1) (845, 5) (843, 1)
Vertex : 845 |  (812, 37) (878, 1) (846, 10) (844, 1)
Vertex : 846 |  (813, 26) (879, 1) (847, 26) (845, 1)
Vertex : 847 |  (814, 5) (880, 1) (848, 5) (846, 1)
Vertex : 848 |  (815, 17) (881, 1) (849, 5) (847, 1)
Vertex : 849 |  (816, 17) (882, 2) (850, 17) (848, 1)
Vertex : 850 |  (817, 1) (883, 1) (851, 2) (849, 1)
Vertex : 851 |  (818, 1) (884, 1) (852, 2) (850, 1)
Vertex : 852 |  (819, 1) (885, 2) (853, 5) (851, 1)
Vertex : 853 |  (820, 1) (886, 1) (854, 1) (852, 1)
Vertex : 854 |  (821, 2) (887, 10) (855, 10) (853, 1)
Vertex : 855 |  (822, 1) (888, 2) (856, 2) (854, 1)
Vertex : 856 |  (823, 5) (889, 2) (857, 2) (855, 1)
Vertex : 857 |  (824, 10) (890, 1) (856, 1)
Vertex : 858 |  (825, 10) (891, 1) (859, 1)
Vertex : 859 |  (826, 2) (892, 1) (860, 1) (858, 2)
Vertex : 860 |  (827, 2) (893, 1) (861, 1) (859, 1)
Vertex : 861 |  (828, 10) (894, 1) (862, 1) (860, 2)
Vertex : 862 |  (829, 5) (895, 1) (863, 2) (861, 1)
Vertex : 863 |  (830, 1) (896, 1) (864, 1) (862, 1)
Vertex : 864 |  (831, 5) (897, 1) (865, 1) (863, 5)
Vertex : 865 |  (832, 10) (898, 1) (866, 1) (864, 2)
Vertex : 866 |  (833, 10) (899, 1) (867, 1) (865, 5)
Vertex : 867 |  (834, 5) (900, 1) (868, 1) (866, 2)
Vertex : 868 |  (835, 5) (901, 1) (869, 1) (867, 2)
Vertex : 869 |  (836, 5) (902, 1) (870, 1) (868, 1)
Vertex : 870 |  (837, 5) (903, 1) (871, 1) (869, 2)
Vertex : 871 |  (838, 10) (904, 1) (872, 1) (870, 5)
Vertex : 872 |  (839, 26) (905, 1) (873, 2) (871, 1)
Vertex : 873 |  (840, 10) (906, 1) (874, 2) (872, 1)
Vertex : 874 |  (841, 5) (907, 1) (875, 10) (873, 1)
Vertex : 875 |  (842, 5) (908, 1) (876, 5) (874, 1)
Vertex : 876 |  (843, 26) (909, 1) (877, 2) (875, 1)
Vertex : 877 |  (844, 26) (910, 1) (878, 5) (876, 1)
Vertex : 878 |  (845, 26) (911, 1) (879, 26) (877, 1)
Vertex : 879 |  (846, 10) (912, 1) (880, 26) (878, 1)
Vertex : 880 |  (847, 10) (913, 1) (881, 10) (879, 1)
Vertex : 881 |  (848, 5) (914, 1) (882, 26) (880, 1)
Vertex : 882 |  (849, 1) (915, 1) (883, 5) (881, 1)
Vertex : 883 |  (850, 2) (916, 1) (884, 5) (882, 1)
Vertex : 884 |  (851, 1) (917, 1) (885, 5) (883, 1)
Vertex : 885 |  (852, 1) (918, 1) (886, 2) (884, 1)
Vertex : 886 |  (853, 1) (919, 2) (887, 10) (885, 1)
Vertex : 887 |  (854, 1) (920, 1) (888, 2) (886, 1)
Vertex : 888 |  (855, 1) (921, 1) (889, 2) (887, 1)
Vertex : 889 |  (856, 1) (922, 1) (890, 1) (888, 1)
Vertex : 890 |  (857, 1) (923, 2) (889, 1)
Vertex : 891 |  (858, 10) (924, 1) (892, 1)
Vertex : 892 |  (859, 26) (925, 1) (893, 5) (891, 10)
Vertex : 893 |  (860, 10) (926, 1) (894, 1) (892, 1)
Vertex : 894 |  (861, 5) (927, 1) (895, 1) (893, 1)
Vertex : 895 |  (862, 10) (928, 1) (896, 1) (894, 2)
Vertex : 896 |  (863, 17) (929, 1) (897, 1) (895, 1)
Vertex : 897 |  (864, 10) (930, 1) (898, 2) (896, 2)
Vertex : 898 |  (865, 2) (931, 1) (899, 1) (897, 1)
Vertex : 899 |  (866, 2) (932, 1) (900, 1) (898, 5)
Vertex : 900 |  (867, 2) (933, 1) (901, 1) (899, 2)
Vertex : 901 |  (868, 2) (934, 1) (902, 1) (900, 2)
Vertex : 902 |  (869, 2) (935, 1) (903, 1) (901, 1)
Vertex : 903 |  (870, 2) (936, 1) (904, 1) (902, 2)
Vertex : 904 |  (871, 5) (937, 1) (905, 2) (903, 10)
Vertex : 905 |  (872, 2) (938, 1) (906, 1) (904, 1)
Vertex : 906 |  (873, 5) (939, 1) (907, 10) (905, 1)
Vertex : 907 |  (874, 1) (940, 1) (908, 1) (906, 1)
Vertex : 908 |  (875, 10) (941, 1) (909, 1) (907, 1)
Vertex : 909 |  (876, 26) (942, 1) (910, 10) (908, 1)
Vertex : 910 |  (877, 10) (943, 1) (911, 26) (909, 1)
Vertex : 911 |  (878, 1) (944, 1) (912, 26) (910, 1)
Vertex : 912 |  (879, 1) (945, 1) (913, 17) (911, 1)
Vertex : 913 |  (880, 2) (946, 1) (914, 10) (912, 1)
Vertex : 914 |  (881, 2) (947, 1) (915, 10) (913, 1)
Vertex : 915 |  (882, 10) (948, 1) (916, 17) (914, 1)
Vertex : 916 |  (883, 2) (949, 1) (917, 2) (915, 1)
Vertex : 917 |  (884, 5) (950, 1) (918, 5) (916, 1)
Vertex : 918 |  (885, 5) (951, 1) (919, 17) (917, 1)
Vertex : 919 |  (886, 1) (952, 2) (920, 5) (918, 1)
Vertex : 920 |  (887, 1) (953, 1) (921, 2) (919, 1)
Vertex : 921 |  (888, 1) (954, 2) (922, 2) (920, 1)
Vertex : 922 |  (889, 1) (955, 1) (923, 2) (921, 1)
Vertex : 923 |  (890, 1) (956, 2) (922, 1)
Vertex : 924 |  (891, 37) (957, 1) (925, 1)
Vertex : 925 |  (892, 10) (958, 1) (926, 1) (924, 1)
Vertex : 926 |  (893, 26) (959, 1) (927, 2) (925, 1)
Vertex : 927 |  (894, 17) (960, 1) (928, 1) (926, 1)
Vertex : 928 |  (895, 10) (961, 1) (929, 1) (927, 1)
Vertex : 929 |  (896, 26) (962, 1) (930, 5) (928, 5)
Vertex : 930 |  (897, 5) (963, 1) (931, 2) (929, 1)
Vertex : 931 |  (898, 5) (964, 1) (932, 1) (930, 1)
Vertex : 932 |  (899, 2) (965, 1) (933, 1) (931, 2)
Vertex : 933 |  (900, 5) (966, 1) (934, 1) (932, 5)
Vertex : 934 |  (901, 2) (967, 1) (935, 1) (933, 1)
Vertex : 935 |  (902, 10) (968, 1) (936, 1) (934, 5)
Vertex : 936 |  (903, 17) (969, 1) (937, 1) (935, 5)
Vertex : 937 |  (904, 2) (970, 1) (938, 5) (936, 1)
Vertex : 938 |  (905, 1) (971, 1) (939, 1) (937, 1)
Vertex : 939 |  (906, 2) (972, 1) (940, 1) (938, 2)
Vertex : 940 |  (907, 17) (973, 1) (941, 5) (939, 1)
Vertex : 941 |  (908, 5) (974, 1) (942, 1) (940, 1)
Vertex : 942 |  (909, 5) (975, 1) (943, 5) (941, 1)
Vertex : 943 |  (910, 10) (976, 1) (944, 17) (942, 1)
Vertex : 944 |  (911, 17) (977, 1) (945, 37) (943, 1)
Vertex : 945 |  (912, 10) (978, 1) (946, 5) (944, 1)
Vertex : 946 |  (913, 26) (979, 1) (947, 10) (945, 1)
Vertex : 947 |  (914, 26) (980, 1) (948, 37) (946, 1)
Vertex : 948 |  (915, 5) (981, 1) (949, 17) (947, 1)
Vertex : 949 |  (916, 5) (982, 1) (950, 2) (948, 1)
Vertex : 950 |  (917, 5) (983, 1) (951, 17) (949, 1)
Vertex : 951 |  (918, 1) (984, 1) (952, 26) (950, 1)
Vertex : 952 |  (919, 1) (985, 1) (953, 1) (951, 1)
Vertex : 953 |  (920, 2) (986, 1) (954, 10) (952, 1)
Vertex : 954 |  (921, 1) (987, 1) (955, 1) (953, 1)
Vertex : 955 |  (922, 1) (988, 1) (956, 5) (954, 1)
Vertex : 956 |  (923, 1) (989, 1) (955, 1)
Vertex : 957 |  (924, 37) (990, 1) (958, 1)
Vertex : 958 |  (925, 82) (991, 1) (959, 10) (957, 10)
Vertex : 959 |  (926, 37) (992, 1) (960, 2) (958, 1)
Vertex : 960 |  (927, 37) (993, 1) (961, 1) (959, 1)
Vertex : 961 |  (928, 37) (994, 1) (962, 1) (960, 1)
Vertex : 962 |  (929, 26) (995, 1) (963, 1) (961, 2)
Vertex : 963 |  (930, 50) (996, 1) (964, 2) (962, 1)
Vertex : 964 |  (931, 50) (997, 1) (965, 1) (963, 1)
Vertex : 965 |  (932, 37) (998, 1) (966, 1) (964, 1)
Vertex : 966 |  (933, 26) (999, 1) (967, 1) (965, 2)
Vertex : 967 |  (934, 26) (1000, 1) (968, 1) (966, 1)
Vertex : 968 |  (935, 10) (1001, 1) (969, 1) (967, 1)
Vertex : 969 |  (936, 5) (1002, 1) (970, 1) (968, 2)
Vertex : 970 |  (937, 5) (1003, 1) (971, 1) (969, 1)
Vertex : 971 |  (938, 17) (1004, 1) (972, 1) (970, 1)
Vertex : 972 |  (939, 10) (1005, 1) (973, 1) (971, 1)
Vertex : 973 |  (940, 10) (1006, 1) (974, 1) (972, 1)
Vertex : 974 |  (941, 26) (1007, 1) (975, 2) (973, 1)
Vertex : 975 |  (942, 17) (1008, 1) (976, 10) (974, 1)
Vertex : 976 |  (943, 10) (1009, 1) (977, 17) (975, 1)
Vertex : 977 |  (944, 10) (1010, 1) (978, 10) (976, 1)
Vertex : 978 |  (945, 37) (1011, 1) (979, 10) (977, 1)
Vertex : 979 |  (946, 26) (1012, 1) (980, 26) (978, 1)
Vertex : 980 |  (947, 10) (1013, 1) (981, 26) (979, 1)
Vertex : 981 |  (948, 17) (1014, 1) (982, 10) (980, 1)
Vertex : 982 |  (949, 26) (1015, 1) (983, 10) (981, 1)
Vertex : 983 |  (950, 10) (1016, 1) (984, 26) (982, 1)
Vertex : 984 |  (951, 5) (1017, 1) (985, 5) (983, 1)
Vertex : 985 |  (952, 26) (1018, 1) (986, 2) (984, 1)
Vertex : 986 |  (953, 17) (1019, 1) (987, 5) (985, 1)
Vertex : 987 |  (954, 26) (1020, 1) (988, 26) (986, 1)
Vertex : 988 |  (955, 1) (1021, 1) (989, 5) (987, 1)
Vertex : 989 |  (956, 1) (1022, 2) (988, 1)
Vertex : 990 |  (957, 50) (1023, 1) (991, 1)
Vertex : 991 |  (958, 17) (1024, 1) (992, 5) (990, 1)
Vertex : 992 |  (959, 26) (1025, 1) (993, 2) (991, 1)
Vertex : 993 |  (960, 26) (1026, 1) (994, 2) (992, 1)
Vertex : 994 |  (961, 17) (1027, 1) (995, 1) (993, 1)
Vertex : 995 |  (962, 10) (1028, 1) (996, 1) (994, 1)
Vertex : 996 |  (963, 10) (1029, 1) (997, 1) (995, 1)
Vertex : 997 |  (964, 26) (1030, 1) (998, 2) (996, 2)
Vertex : 998 |  (965, 17) (1031, 1) (999, 2) (997, 1)
Vertex : 999 |  (966, 5) (1032, 1) (1000, 1) (998, 1)
Vertex : 1000 |  (967, 5) (1033, 1) (1001, 1) (999, 1)
Vertex : 1001 |  (968, 10) (1034, 1) (1002, 1) (1000, 2)
Vertex : 1002 |  (969, 10) (1035, 1) (1003, 2) (1001, 2)
Vertex : 1003 |  (970, 5) (1036, 1) (1004, 1) (1002, 1)
Vertex : 1004 |  (971, 5) (1037, 1) (1005, 1) (1003, 1)
Vertex : 1005 |  (972, 17) (1038, 1) (1006, 1) (1004, 5)
Vertex : 1006 |  (973, 17) (1039, 1) (1007, 1) (1005, 1)
Vertex : 1007 |  (974, 26) (1040, 1) (1008, 10) (1006, 2)
Vertex : 1008 |  (975, 10) (1041, 1) (1009, 17) (1007, 1)
Vertex : 1009 |  (976, 5) (1042, 1) (1010, 5) (1008, 1)
Vertex : 1010 |  (977, 17) (1043, 1) (1011, 17) (1009, 1)
Vertex : 1011 |  (978, 10) (1044, 1) (1012, 26) (1010, 1)
Vertex : 1012 |  (979, 2) (1045, 1) (1013, 10) (1011, 1)
Vertex : 1013 |  (980, 10) (1046, 1) (1014, 17) (1012, 1)
Vertex : 1014 |  (981, 17) (1047, 1) (1015, 17) (1013, 1)
Vertex : 1015 |  (982, 10) (1048, 1) (1016, 17) (1014, 1)
Vertex : 1016 |  (983, 5) (1049, 1) (1017, 17) (1015, 1)
Vertex : 1017 |  (984, 10) (1050, 1) (1018, 2) (1016, 1)
Vertex : 1018 |  (985, 17) (1051, 1) (1019, 17) (1017, 1)
Vertex : 1019 |  (986, 2) (1052, 1) (1020, 10) (1018, 1)
Vertex : 1020 |  (987, 1) (1053, 1) (1021, 17) (1019, 1)
Vertex : 1021 |  (988, 2) (1054, 2) (1022, 17) (1020, 1)
Vertex : 1022 |  (989, 1) (1055, 1) (1021, 1)
Vertex : 1023 |  (990, 37) (1056, 1) (1024, 1)
Vertex : 1024 |  (991, 37) (1057, 1) (1025, 5) (1023, 1)
Vertex : 1025 |  (992, 37) (1058, 1) (1026, 10) (1024, 1)
Vertex : 1026 |  (993, 17) (1059, 1) (1027, 1) (1025, 1)
Vertex : 1027 |  (994, 26) (1060, 1) (1028, 5) (1026, 1)
Vertex : 1028 |  (995, 10) (1061, 1) (1029, 2) (1027, 1)
Vertex : 1029 |  (996, 5) (1062, 1) (1030, 1) (1028, 1)
Vertex : 1030 |  (997, 2) (1063, 1) (1031, 2) (1029, 1)
Vertex : 1031 |  (998, 2) (1064, 1) (1032, 1) (1030, 1)
Vertex : 1032 |  (999, 17) (1065, 1) (1033, 1) (1031, 5)
Vertex : 1033 |  (1000, 26) (1066, 1) (1034, 1) (1032, 2)
Vertex : 1034 |  (1001, 37) (1067, 1) (1035, 2) (1033, 5)
Vertex : 1035 |  (1002, 17) (1068, 1) (1036, 1) (1034, 1)
Vertex : 1036 |  (1003, 37) (1069, 1) (1037, 1) (1035, 2)
Vertex : 1037 |  (1004, 50) (1070, 1) (1038, 2) (1036, 2)
Vertex : 1038 |  (1005, 17) (1071, 1) (1039, 1) (1037, 1)
Vertex : 1039 |  (1006, 17) (1072, 1) (1040, 10) (1038, 1)
Vertex : 1040 |  (1007, 1) (1073, 1) (1041, 5) (1039, 1)
Vertex : 1041 |  (1008, 2) (1074, 5) (1042, 17) (1040, 1)
Vertex : 1042 |  (1009, 2) (1075, 1) (1043, 10) (1041, 1)
Vertex : 1043 |  (1010, 1) (1076, 1) (1044, 5) (1042, 1)
Vertex : 1044 |  (1011, 5) (1077, 1) (1045, 10) (1043, 1)
Vertex : 1045 |  (1012, 17) (1078, 1) (1046, 26) (1044, 1)
Vertex : 1046 |  (1013, 5) (1079, 1) (1047, 10) (1045, 1)
Vertex : 1047 |  (1014, 10) (1080, 1) (1048, 26) (1046, 1)
Vertex : 1048 |  (1015, 5) (1081, 1) (1049, 10) (1047, 1)
Vertex : 1049 |  (1016, 10) (1082, 1) (1050, 26) (1048, 1)
Vertex : 1050 |  (1017, 5) (1083, 1) (1051, 10) (1049, 1)
Vertex : 1051 |  (1018, 1) (1084, 1) (1052, 10) (1050, 1)
Vertex : 1052 |  (1019, 2) (1085, 1) (1053, 17) (1051, 1)
Vertex : 1053 |  (1020, 1) (1086, 1) (1054, 26) (1052, 1)
Vertex : 1054 |  (1021, 1) (1087, 5) (1055, 10) (1053, 1)
Vertex : 1055 |  (1022, 1) (1088, 10) (1054, 1)
Vertex : 1056 |  (1023, 1) (1057, 1)
Vertex : 1057 |  (1024, 1) (1058, 1) (1056, 1)
Vertex : 1058 |  (1025, 5) (1059, 5) (1057, 1)
Vertex : 1059 |  (1026, 10) (1060, 10) (1058, 1)
Vertex : 1060 |  (1027, 1) (1061, 1) (1059, 1)
Vertex : 1061 |  (1028, 5) (1062, 5) (1060, 1)
Vertex : 1062 |  (1029, 2) (1063, 1) (1061, 1)
Vertex : 1063 |  (1030, 2) (1064, 2) (1062, 1)
Vertex : 1064 |  (1031, 2) (1065, 1) (1063, 1)
Vertex : 1065 |  (1032, 5) (1066, 1) (1064, 10)
Vertex : 1066 |  (1033, 10) (1067, 2) (1065, 5)
Vertex : 1067 |  (1034, 1) (1068, 1) (1066, 1)
Vertex : 1068 |  (1035, 5) (1069, 1) (1067, 2)
Vertex : 1069 |  (1036, 10) (1070, 1) (1068, 5)
Vertex : 1070 |  (1037, 10) (1071, 1) (1069, 2)
Vertex : 1071 |  (1038, 17) (1072, 2) (1070, 1)
Vertex : 1072 |  (1039, 10) (1073, 26) (1071, 1)
Vertex : 1073 |  (1040, 2) (1074, 26) (1072, 1)
Vertex : 1074 |  (1041, 1) (1075, 5) (1073, 1)
Vertex : 1075 |  (1042, 1) (1076, 2) (1074, 1)
Vertex : 1076 |  (1043, 5) (1077, 2) (1075, 1)
Vertex : 1077 |  (1044, 10) (1078, 26) (1076, 1)
Vertex : 1078 |  (1045, 2) (1079, 17) (1077, 1)
Vertex : 1079 |  (1046, 5) (1080, 10) (1078, 1)
Vertex : 1080 |  (1047, 5) (1081, 17) (1079, 1)
Vertex : 1081 |  (1048, 10) (1082, 17) (1080, 1)
Vertex : 1082 |  (1049, 5) (1083, 26) (1081, 1)
Vertex : 1083 |  (1050, 5) (1084, 5) (1082, 1)
Vertex : 1084 |  (1051, 10) (1085, 10) (1083, 1)
Vertex : 1085 |  (1052, 10) (1086, 50) (1084, 1)
Vertex : 1086 |  (1053, 1) (1087, 50) (1085, 1)
Vertex : 1087 |  (1054, 1) (1088, 17) (1086, 1)
Vertex : 1088 |  (1055, 1) (1087, 1)
() () () () () () () () () () () () () () 83 87 86 84 84 86 85 83 82 81 81 86 85 88 89 89 88 89 87 
99 98 97 93 92 89 86 82 79 81 81 78 79 () 80 83 82 82 83 83 83 80 80 79 79 81 82 82 84 85 87 84 85 
99 95 92 93 91 86 82 78 77 79 79 77 76 () 76 80 80 81 81 81 81 79 77 78 78 78 80 82 83 84 83 81 80 
95 94 92 89 88 84 80 76 74 76 77 75 76 () () 74 74 75 78 79 78 77 76 77 79 79 79 79 78 78 78 77 78 
91 89 89 87 87 81 76 72 71 72 73 74 75 70 () () () 70 74 76 78 76 78 79 79 80 79 77 76 77 76 76 75 
85 83 81 80 78 76 71 69 69 70 71 72 70 68 66 66 () 69 71 75 77 78 80 77 77 78 79 77 76 74 72 71 70 
80 78 75 75 72 68 66 65 65 67 68 70 68 65 64 64 () 68 70 74 77 78 77 77 76 75 76 78 77 73 70 67 66 
76 72 71 69 66 65 64 62 62 64 64 67 66 63 61 60 () 65 68 73 74 76 77 76 76 76 77 78 74 68 66 63 64 
70 69 66 63 63 62 61 58 60 60 62 62 62 60 59 57 () 61 66 69 72 74 77 79 77 76 76 75 69 67 65 62 61 
69 67 63 60 59 57 54 53 53 54 56 56 58 56 53 53 () 57 62 63 67 69 71 72 72 72 71 70 65 61 60 58 56 
68 64 60 58 55 53 50 49 49 51 52 53 54 54 51 50 () 53 56 61 63 64 66 66 68 67 66 64 59 58 53 52 52 
65 61 57 55 52 50 48 48 48 48 49 51 52 49 48 46 () () () 53 55 58 60 62 61 58 58 53 52 49 49 48 49 
64 58 52 52 50 47 46 45 47 46 48 47 48 49 47 47 46 46 () 50 49 52 57 58 56 52 49 48 47 46 46 46 47 
60 55 52 50 47 46 47 45 45 44 45 45 46 47 47 48 49 48 () () 50 53 54 53 52 50 49 47 45 44 46 46 48 
57 54 52 48 49 47 48 45 45 46 46 45 45 48 48 49 49 48 47 () 49 51 51 49 47 47 45 44 46 45 45 47 47 
55 52 50 49 49 46 47 47 45 45 45 47 49 48 52 51 48 49 48 () () () () () () () () 47 45 45 44 44 45 
53 51 49 48 45 47 45 45 45 45 46 48 50 53 53 52 52 49 47 47 47 46 44 44 43 43 () 46 47 47 45 45 45 
47 45 44 45 45 42 40 40 41 42 44 46 48 50 50 51 50 49 48 47 44 44 42 42 40 43 () () 46 44 44 45 45 
44 43 42 42 39 39 38 37 39 41 45 45 46 47 50 50 49 46 45 46 45 44 42 41 41 44 47 () () 45 45 46 47 
46 43 41 38 36 34 35 34 37 41 43 45 45 44 46 47 46 43 42 42 42 41 40 40 42 42 45 47 () () 48 47 47 
47 42 39 35 34 32 34 35 37 40 42 42 44 43 44 44 43 41 40 41 41 40 39 40 40 41 47 51 53 () 49 48 48 
46 39 35 31 32 32 34 34 35 37 38 38 38 38 37 38 37 38 36 37 39 38 40 38 40 43 48 50 51 () 49 48 51 
41 36 31 29 30 31 31 32 32 33 33 34 31 31 33 32 33 34 35 37 38 38 39 40 42 44 46 47 51 () 52 54 57 
40 33 32 30 29 28 29 30 29 31 29 28 26 25 28 28 29 31 34 38 41 40 42 45 46 47 47 48 49 () 55 57 61 
35 32 31 29 29 28 28 29 29 27 24 22 22 22 25 26 27 29 32 37 38 40 42 46 48 48 48 49 50 () () 58 60 
31 28 28 29 28 27 27 27 25 23 22 22 21 20 22 21 21 24 29 30 32 35 40 42 44 48 49 50 52 52 () () () 
28 27 27 26 26 27 25 24 22 21 20 20 19 17 17 18 19 22 24 25 27 32 37 40 45 47 49 51 52 55 56 57 () 
25 22 24 24 23 23 22 23 21 20 19 19 18 15 16 16 19 19 19 22 27 32 36 39 42 46 47 49 53 55 56 57 () 
19 19 19 20 20 18 20 21 20 18 18 16 14 14 16 15 15 17 17 19 23 29 31 34 40 44 45 49 54 54 57 57 () 
13 10 13 14 14 13 13 14 14 13 13 13 12 12 12 12 12 12 13 16 20 23 26 31 36 39 42 47 49 50 52 57 () 
 6  6  8  9 10 10 10  9 10 11 11 10  9 10 10  8  8  7 10 14 16 20 25 28 32 36 40 44 45 49 52 56 () 
 0  0  2  5  5  7  8  8  9  7  6  4  5  4  3  4  4  7  9 13 16 18 21 26 29 34 37 42 45 48 52 57 () 
 0  0  0  2  5  5  7  7  8  5  3  4  3  1  0  0  1  6 11 13 14 15 20 24 27 31 35 40 42 45 52 59 () 
Total Energy : 98
() () () () () () () () () () () () () () 83 87 86 84 84 86 85 83 82 81 81 86 85 88 89 89 88 89 87 
99 98 97 93 92 89 86 82 79 81 81 78 79 () () 83 82 82 83 83 83 80 80 79 79 81 82 82 84 85 87 84 85 
99 95 92 93 91 86 82 78 77 79 79 77 76 75 () 80 80 81 81 81 81 79 77 78 78 78 80 82 83 84 83 81 80 
95 94 92 89 88 84 80 76 74 76 77 75 76 73 () () () () 78 79 78 77 76 77 79 79 79 79 78 78 78 77 78 
91 89 89 87 87 81 76 72 71 72 73 74 75 70 68 68 68 () 74 76 78 76 78 79 79 80 79 77 76 77 76 76 75 
85 83 81 80 78 76 71 69 69 70 71 72 70 68 66 66 67 () 71 75 77 78 80 77 77 78 79 77 76 74 72 71 70 
80 78 75 75 72 68 66 65 65 67 68 70 68 65 64 64 66 () 70 74 77 78 77 77 76 75 76 78 77 73 70 67 66 
76 72 71 69 66 65 64 62 62 64 64 67 66 63 61 60 62 () 68 73 74 76 77 76 76 76 77 78 74 68 66 63 64 
70 69 66 63 63 62 61 58 60 60 62 62 62 60 59 57 57 () 66 69 72 74 77 79 77 76 76 75 69 67 65 62 61 
69 67 63 60 59 57 54 53 53 54 56 56 58 56 53 53 54 () 62 63 67 69 71 72 72 72 71 70 65 61 60 58 56 
68 64 60 58 55 53 50 49 49 51 52 53 54 54 51 50 50 () 56 61 63 64 66 66 68 67 66 64 59 58 53 52 52 
65 61 57 55 52 50 48 48 48 48 49 51 52 49 48 46 50 () () 53 55 58 60 62 61 58 58 53 52 49 49 48 49 
64 58 52 52 50 47 46 45 47 46 48 47 48 49 47 47 46 46 () 50 49 52 57 58 56 52 49 48 47 46 46 46 47 
60 55 52 50 47 46 47 45 45 44 45 45 46 47 47 48 49 48 () () 50 53 54 53 52 50 49 47 45 44 46 46 48 
57 54 52 48 49 47 48 45 45 46 46 45 45 48 48 49 49 48 47 () () 51 51 49 47 47 45 44 46 45 45 47 47 
55 52 50 49 49 46 47 47 45 45 45 47 49 48 52 51 48 49 48 47 () () () () () () () 47 45 45 44 44 45 
53 51 49 48 45 47 45 45 45 45 46 48 50 53 53 52 52 49 47 47 47 46 44 44 43 43 () 46 47 47 45 45 45 
47 45 44 45 45 42 40 40 41 42 44 46 48 50 50 51 50 49 48 47 44 44 42 42 40 43 () () () 44 44 45 45 
44 43 42 42 39 39 38 37 39 41 45 45 46 47 50 50 49 46 45 46 45 44 42 41 41 44 47 47 () 45 45 46 47 
46 43 41 38 36 34 35 34 37 41 43 45 45 44 46 47 46 43 42 42 42 41 40 40 42 42 45 47 () () 48 47 47 
47 42 39 35 34 32 34 35 37 40 42 42 44 43 44 44 43 41 40 41 41 40 39 40 40 41 47 51 53 () 49 48 48 
46 39 35 31 32 32 34 34 35 37 38 38 38 38 37 38 37 38 36 37 39 38 40 38 40 43 48 50 51 () 49 48 51 
41 36 31 29 30 31 31 32 32 33 33 34 31 31 33 32 33 34 35 37 38 38 39 40 42 44 46 47 51 () 52 54 57 
40 33 32 30 29 28 29 30 29 31 29 28 26 25 28 28 29 31 34 38 41 40 42 45 46 47 47 48 49 () 55 57 61 
35 32 31 29 29 28 28 29 29 27 24 22 22 22 25 26 27 29 32 37 38 40 42 46 48 48 48 49 50 () () 58 60 
31 28 28 29 28 27 27 27 25 23 22 22 21 20 22 21 21 24 29 30 32 35 40 42 44 48 49 50 52 52 () () () 
28 27 27 26 26 27 25 24 22 21 20 20 19 17 17 18 19 22 24 25 27 32 37 40 45 47 49 51 52 55 56 57 () 
25 22 24 24 23 23 22 23 21 20 19 19 18 15 16 16 19 19 19 22 27 32 36 39 42 46 47 49 53 55 56 57 () 
19 19 19 20 20 18 20 21 20 18 18 16 14 14 16 15 15 17 17 19 23 29 31 34 40 44 45 49 54 54 57 57 () 
13 10 13 14 14 13 13 14 14 13 13 13 12 12 12 12 12 12 13 16 20 23 26 31 36 39 42 47 49 50 52 57 () 
 6  6  8  9 10 10 10  9 10 11 11 10  9 10 10  8  8  7 10 14 16 20 25 28 32 36 40 44 45 49 52 56 () 
 0  0  2  5  5  7  8  8  9  7  6  4  5  4  3  4  4  7  9 13 16 18 21 26 29 34 37 42 45 48 52 57 () 
 0  0  0  2  5  5  7  7  8  5  3  4  3  1  0  0  1  6 11 13 14 15 20 24 27 31 35 40 42 45 52 59 () 
Total Energy : 40

press enter to exit
